Title="Mesh"
Variables="X","Y"
Zone I=52 J=52 F=POINT
   -6.000000E+00	    1.570796E+00	
   -5.769030E+00	    1.570796E+00	
   -5.309549E+00	    1.570796E+00	
   -4.857338E+00	    1.570796E+00	
   -4.416909E+00	    1.570796E+00	
   -3.992299E+00	    1.570796E+00	
   -3.586939E+00	    1.570796E+00	
   -3.203570E+00	    1.570796E+00	
   -2.844202E+00	    1.570796E+00	
   -2.510126E+00	    1.570796E+00	
   -2.201958E+00	    1.570796E+00	
   -1.919714E+00	    1.570796E+00	
   -1.662902E+00	    1.570796E+00	
   -1.430620E+00	    1.570796E+00	
   -1.221658E+00	    1.570796E+00	
   -1.034585E+00	    1.570796E+00	
   -8.678370E-01	    1.570796E+00	
   -7.197819E-01	    1.570796E+00	
   -5.887769E-01	    1.570796E+00	
   -4.732123E-01	    1.570796E+00	
   -3.715427E-01	    1.570796E+00	
   -2.823094E-01	    1.570796E+00	
   -2.041542E-01	    1.570796E+00	
   -1.358267E-01	    1.570796E+00	
   -7.618632E-02	    1.570796E+00	
   -2.420112E-02	    1.570796E+00	
    2.420112E-02	    1.570796E+00	
    7.618632E-02	    1.570796E+00	
    1.358267E-01	    1.570796E+00	
    2.041542E-01	    1.570796E+00	
    2.823094E-01	    1.570796E+00	
    3.715427E-01	    1.570796E+00	
    4.732123E-01	    1.570796E+00	
    5.887769E-01	    1.570796E+00	
    7.197819E-01	    1.570796E+00	
    8.678370E-01	    1.570796E+00	
    1.034585E+00	    1.570796E+00	
    1.221658E+00	    1.570796E+00	
    1.430620E+00	    1.570796E+00	
    1.662902E+00	    1.570796E+00	
    1.919714E+00	    1.570796E+00	
    2.201958E+00	    1.570796E+00	
    2.510126E+00	    1.570796E+00	
    2.844202E+00	    1.570796E+00	
    3.203570E+00	    1.570796E+00	
    3.586939E+00	    1.570796E+00	
    3.992299E+00	    1.570796E+00	
    4.416909E+00	    1.570796E+00	
    4.857338E+00	    1.570796E+00	
    5.309549E+00	    1.570796E+00	
    5.769030E+00	    1.570796E+00	
    6.000000E+00	    1.570796E+00	
   -6.000000E+00	    1.577601E+00	
   -5.769030E+00	    1.577601E+00	
   -5.309549E+00	    1.577601E+00	
   -4.857338E+00	    1.577601E+00	
   -4.416909E+00	    1.577601E+00	
   -3.992299E+00	    1.577601E+00	
   -3.586939E+00	    1.577601E+00	
   -3.203570E+00	    1.577601E+00	
   -2.844202E+00	    1.577601E+00	
   -2.510126E+00	    1.577601E+00	
   -2.201958E+00	    1.577601E+00	
   -1.919714E+00	    1.577601E+00	
   -1.662902E+00	    1.577601E+00	
   -1.430620E+00	    1.577601E+00	
   -1.221658E+00	    1.577601E+00	
   -1.034585E+00	    1.577601E+00	
   -8.678370E-01	    1.577601E+00	
   -7.197819E-01	    1.577601E+00	
   -5.887769E-01	    1.577601E+00	
   -4.732123E-01	    1.577601E+00	
   -3.715427E-01	    1.577601E+00	
   -2.823094E-01	    1.577601E+00	
   -2.041542E-01	    1.577601E+00	
   -1.358267E-01	    1.577601E+00	
   -7.618632E-02	    1.577601E+00	
   -2.420112E-02	    1.577601E+00	
    2.420112E-02	    1.577601E+00	
    7.618632E-02	    1.577601E+00	
    1.358267E-01	    1.577601E+00	
    2.041542E-01	    1.577601E+00	
    2.823094E-01	    1.577601E+00	
    3.715427E-01	    1.577601E+00	
    4.732123E-01	    1.577601E+00	
    5.887769E-01	    1.577601E+00	
    7.197819E-01	    1.577601E+00	
    8.678370E-01	    1.577601E+00	
    1.034585E+00	    1.577601E+00	
    1.221658E+00	    1.577601E+00	
    1.430620E+00	    1.577601E+00	
    1.662902E+00	    1.577601E+00	
    1.919714E+00	    1.577601E+00	
    2.201958E+00	    1.577601E+00	
    2.510126E+00	    1.577601E+00	
    2.844202E+00	    1.577601E+00	
    3.203570E+00	    1.577601E+00	
    3.586939E+00	    1.577601E+00	
    3.992299E+00	    1.577601E+00	
    4.416909E+00	    1.577601E+00	
    4.857338E+00	    1.577601E+00	
    5.309549E+00	    1.577601E+00	
    5.769030E+00	    1.577601E+00	
    6.000000E+00	    1.577601E+00	
   -6.000000E+00	    1.593350E+00	
   -5.769030E+00	    1.593350E+00	
   -5.309549E+00	    1.593350E+00	
   -4.857338E+00	    1.593350E+00	
   -4.416909E+00	    1.593350E+00	
   -3.992299E+00	    1.593350E+00	
   -3.586939E+00	    1.593350E+00	
   -3.203570E+00	    1.593350E+00	
   -2.844202E+00	    1.593350E+00	
   -2.510126E+00	    1.593350E+00	
   -2.201958E+00	    1.593350E+00	
   -1.919714E+00	    1.593350E+00	
   -1.662902E+00	    1.593350E+00	
   -1.430620E+00	    1.593350E+00	
   -1.221658E+00	    1.593350E+00	
   -1.034585E+00	    1.593350E+00	
   -8.678370E-01	    1.593350E+00	
   -7.197819E-01	    1.593350E+00	
   -5.887769E-01	    1.593350E+00	
   -4.732123E-01	    1.593350E+00	
   -3.715427E-01	    1.593350E+00	
   -2.823094E-01	    1.593350E+00	
   -2.041542E-01	    1.593350E+00	
   -1.358267E-01	    1.593350E+00	
   -7.618632E-02	    1.593350E+00	
   -2.420112E-02	    1.593350E+00	
    2.420112E-02	    1.593350E+00	
    7.618632E-02	    1.593350E+00	
    1.358267E-01	    1.593350E+00	
    2.041542E-01	    1.593350E+00	
    2.823094E-01	    1.593350E+00	
    3.715427E-01	    1.593350E+00	
    4.732123E-01	    1.593350E+00	
    5.887769E-01	    1.593350E+00	
    7.197819E-01	    1.593350E+00	
    8.678370E-01	    1.593350E+00	
    1.034585E+00	    1.593350E+00	
    1.221658E+00	    1.593350E+00	
    1.430620E+00	    1.593350E+00	
    1.662902E+00	    1.593350E+00	
    1.919714E+00	    1.593350E+00	
    2.201958E+00	    1.593350E+00	
    2.510126E+00	    1.593350E+00	
    2.844202E+00	    1.593350E+00	
    3.203570E+00	    1.593350E+00	
    3.586939E+00	    1.593350E+00	
    3.992299E+00	    1.593350E+00	
    4.416909E+00	    1.593350E+00	
    4.857338E+00	    1.593350E+00	
    5.309549E+00	    1.593350E+00	
    5.769030E+00	    1.593350E+00	
    6.000000E+00	    1.593350E+00	
   -6.000000E+00	    1.613975E+00	
   -5.769030E+00	    1.613975E+00	
   -5.309549E+00	    1.613975E+00	
   -4.857338E+00	    1.613975E+00	
   -4.416909E+00	    1.613975E+00	
   -3.992299E+00	    1.613975E+00	
   -3.586939E+00	    1.613975E+00	
   -3.203570E+00	    1.613975E+00	
   -2.844202E+00	    1.613975E+00	
   -2.510126E+00	    1.613975E+00	
   -2.201958E+00	    1.613975E+00	
   -1.919714E+00	    1.613975E+00	
   -1.662902E+00	    1.613975E+00	
   -1.430620E+00	    1.613975E+00	
   -1.221658E+00	    1.613975E+00	
   -1.034585E+00	    1.613975E+00	
   -8.678370E-01	    1.613975E+00	
   -7.197819E-01	    1.613975E+00	
   -5.887769E-01	    1.613975E+00	
   -4.732123E-01	    1.613975E+00	
   -3.715427E-01	    1.613975E+00	
   -2.823094E-01	    1.613975E+00	
   -2.041542E-01	    1.613975E+00	
   -1.358267E-01	    1.613975E+00	
   -7.618632E-02	    1.613975E+00	
   -2.420112E-02	    1.613975E+00	
    2.420112E-02	    1.613975E+00	
    7.618632E-02	    1.613975E+00	
    1.358267E-01	    1.613975E+00	
    2.041542E-01	    1.613975E+00	
    2.823094E-01	    1.613975E+00	
    3.715427E-01	    1.613975E+00	
    4.732123E-01	    1.613975E+00	
    5.887769E-01	    1.613975E+00	
    7.197819E-01	    1.613975E+00	
    8.678370E-01	    1.613975E+00	
    1.034585E+00	    1.613975E+00	
    1.221658E+00	    1.613975E+00	
    1.430620E+00	    1.613975E+00	
    1.662902E+00	    1.613975E+00	
    1.919714E+00	    1.613975E+00	
    2.201958E+00	    1.613975E+00	
    2.510126E+00	    1.613975E+00	
    2.844202E+00	    1.613975E+00	
    3.203570E+00	    1.613975E+00	
    3.586939E+00	    1.613975E+00	
    3.992299E+00	    1.613975E+00	
    4.416909E+00	    1.613975E+00	
    4.857338E+00	    1.613975E+00	
    5.309549E+00	    1.613975E+00	
    5.769030E+00	    1.613975E+00	
    6.000000E+00	    1.613975E+00	
   -6.000000E+00	    1.640783E+00	
   -5.769030E+00	    1.640783E+00	
   -5.309549E+00	    1.640783E+00	
   -4.857338E+00	    1.640783E+00	
   -4.416909E+00	    1.640783E+00	
   -3.992299E+00	    1.640783E+00	
   -3.586939E+00	    1.640783E+00	
   -3.203570E+00	    1.640783E+00	
   -2.844202E+00	    1.640783E+00	
   -2.510126E+00	    1.640783E+00	
   -2.201958E+00	    1.640783E+00	
   -1.919714E+00	    1.640783E+00	
   -1.662902E+00	    1.640783E+00	
   -1.430620E+00	    1.640783E+00	
   -1.221658E+00	    1.640783E+00	
   -1.034585E+00	    1.640783E+00	
   -8.678370E-01	    1.640783E+00	
   -7.197819E-01	    1.640783E+00	
   -5.887769E-01	    1.640783E+00	
   -4.732123E-01	    1.640783E+00	
   -3.715427E-01	    1.640783E+00	
   -2.823094E-01	    1.640783E+00	
   -2.041542E-01	    1.640783E+00	
   -1.358267E-01	    1.640783E+00	
   -7.618632E-02	    1.640783E+00	
   -2.420112E-02	    1.640783E+00	
    2.420112E-02	    1.640783E+00	
    7.618632E-02	    1.640783E+00	
    1.358267E-01	    1.640783E+00	
    2.041542E-01	    1.640783E+00	
    2.823094E-01	    1.640783E+00	
    3.715427E-01	    1.640783E+00	
    4.732123E-01	    1.640783E+00	
    5.887769E-01	    1.640783E+00	
    7.197819E-01	    1.640783E+00	
    8.678370E-01	    1.640783E+00	
    1.034585E+00	    1.640783E+00	
    1.221658E+00	    1.640783E+00	
    1.430620E+00	    1.640783E+00	
    1.662902E+00	    1.640783E+00	
    1.919714E+00	    1.640783E+00	
    2.201958E+00	    1.640783E+00	
    2.510126E+00	    1.640783E+00	
    2.844202E+00	    1.640783E+00	
    3.203570E+00	    1.640783E+00	
    3.586939E+00	    1.640783E+00	
    3.992299E+00	    1.640783E+00	
    4.416909E+00	    1.640783E+00	
    4.857338E+00	    1.640783E+00	
    5.309549E+00	    1.640783E+00	
    5.769030E+00	    1.640783E+00	
    6.000000E+00	    1.640783E+00	
   -6.000000E+00	    1.675290E+00	
   -5.769030E+00	    1.675290E+00	
   -5.309549E+00	    1.675290E+00	
   -4.857338E+00	    1.675290E+00	
   -4.416909E+00	    1.675290E+00	
   -3.992299E+00	    1.675290E+00	
   -3.586939E+00	    1.675290E+00	
   -3.203570E+00	    1.675290E+00	
   -2.844202E+00	    1.675290E+00	
   -2.510126E+00	    1.675290E+00	
   -2.201958E+00	    1.675290E+00	
   -1.919714E+00	    1.675290E+00	
   -1.662902E+00	    1.675290E+00	
   -1.430620E+00	    1.675290E+00	
   -1.221658E+00	    1.675290E+00	
   -1.034585E+00	    1.675290E+00	
   -8.678370E-01	    1.675290E+00	
   -7.197819E-01	    1.675290E+00	
   -5.887769E-01	    1.675290E+00	
   -4.732123E-01	    1.675290E+00	
   -3.715427E-01	    1.675290E+00	
   -2.823094E-01	    1.675290E+00	
   -2.041542E-01	    1.675290E+00	
   -1.358267E-01	    1.675290E+00	
   -7.618632E-02	    1.675290E+00	
   -2.420112E-02	    1.675290E+00	
    2.420112E-02	    1.675290E+00	
    7.618632E-02	    1.675290E+00	
    1.358267E-01	    1.675290E+00	
    2.041542E-01	    1.675290E+00	
    2.823094E-01	    1.675290E+00	
    3.715427E-01	    1.675290E+00	
    4.732123E-01	    1.675290E+00	
    5.887769E-01	    1.675290E+00	
    7.197819E-01	    1.675290E+00	
    8.678370E-01	    1.675290E+00	
    1.034585E+00	    1.675290E+00	
    1.221658E+00	    1.675290E+00	
    1.430620E+00	    1.675290E+00	
    1.662902E+00	    1.675290E+00	
    1.919714E+00	    1.675290E+00	
    2.201958E+00	    1.675290E+00	
    2.510126E+00	    1.675290E+00	
    2.844202E+00	    1.675290E+00	
    3.203570E+00	    1.675290E+00	
    3.586939E+00	    1.675290E+00	
    3.992299E+00	    1.675290E+00	
    4.416909E+00	    1.675290E+00	
    4.857338E+00	    1.675290E+00	
    5.309549E+00	    1.675290E+00	
    5.769030E+00	    1.675290E+00	
    6.000000E+00	    1.675290E+00	
   -6.000000E+00	    1.719159E+00	
   -5.769030E+00	    1.719159E+00	
   -5.309549E+00	    1.719159E+00	
   -4.857338E+00	    1.719159E+00	
   -4.416909E+00	    1.719159E+00	
   -3.992299E+00	    1.719159E+00	
   -3.586939E+00	    1.719159E+00	
   -3.203570E+00	    1.719159E+00	
   -2.844202E+00	    1.719159E+00	
   -2.510126E+00	    1.719159E+00	
   -2.201958E+00	    1.719159E+00	
   -1.919714E+00	    1.719159E+00	
   -1.662902E+00	    1.719159E+00	
   -1.430620E+00	    1.719159E+00	
   -1.221658E+00	    1.719159E+00	
   -1.034585E+00	    1.719159E+00	
   -8.678370E-01	    1.719159E+00	
   -7.197819E-01	    1.719159E+00	
   -5.887769E-01	    1.719159E+00	
   -4.732123E-01	    1.719159E+00	
   -3.715427E-01	    1.719159E+00	
   -2.823094E-01	    1.719159E+00	
   -2.041542E-01	    1.719159E+00	
   -1.358267E-01	    1.719159E+00	
   -7.618632E-02	    1.719159E+00	
   -2.420112E-02	    1.719159E+00	
    2.420112E-02	    1.719159E+00	
    7.618632E-02	    1.719159E+00	
    1.358267E-01	    1.719159E+00	
    2.041542E-01	    1.719159E+00	
    2.823094E-01	    1.719159E+00	
    3.715427E-01	    1.719159E+00	
    4.732123E-01	    1.719159E+00	
    5.887769E-01	    1.719159E+00	
    7.197819E-01	    1.719159E+00	
    8.678370E-01	    1.719159E+00	
    1.034585E+00	    1.719159E+00	
    1.221658E+00	    1.719159E+00	
    1.430620E+00	    1.719159E+00	
    1.662902E+00	    1.719159E+00	
    1.919714E+00	    1.719159E+00	
    2.201958E+00	    1.719159E+00	
    2.510126E+00	    1.719159E+00	
    2.844202E+00	    1.719159E+00	
    3.203570E+00	    1.719159E+00	
    3.586939E+00	    1.719159E+00	
    3.992299E+00	    1.719159E+00	
    4.416909E+00	    1.719159E+00	
    4.857338E+00	    1.719159E+00	
    5.309549E+00	    1.719159E+00	
    5.769030E+00	    1.719159E+00	
    6.000000E+00	    1.719159E+00	
   -6.000000E+00	    1.774052E+00	
   -5.769030E+00	    1.774052E+00	
   -5.309549E+00	    1.774052E+00	
   -4.857338E+00	    1.774052E+00	
   -4.416909E+00	    1.774052E+00	
   -3.992299E+00	    1.774052E+00	
   -3.586939E+00	    1.774052E+00	
   -3.203570E+00	    1.774052E+00	
   -2.844202E+00	    1.774052E+00	
   -2.510126E+00	    1.774052E+00	
   -2.201958E+00	    1.774052E+00	
   -1.919714E+00	    1.774052E+00	
   -1.662902E+00	    1.774052E+00	
   -1.430620E+00	    1.774052E+00	
   -1.221658E+00	    1.774052E+00	
   -1.034585E+00	    1.774052E+00	
   -8.678370E-01	    1.774052E+00	
   -7.197819E-01	    1.774052E+00	
   -5.887769E-01	    1.774052E+00	
   -4.732123E-01	    1.774052E+00	
   -3.715427E-01	    1.774052E+00	
   -2.823094E-01	    1.774052E+00	
   -2.041542E-01	    1.774052E+00	
   -1.358267E-01	    1.774052E+00	
   -7.618632E-02	    1.774052E+00	
   -2.420112E-02	    1.774052E+00	
    2.420112E-02	    1.774052E+00	
    7.618632E-02	    1.774052E+00	
    1.358267E-01	    1.774052E+00	
    2.041542E-01	    1.774052E+00	
    2.823094E-01	    1.774052E+00	
    3.715427E-01	    1.774052E+00	
    4.732123E-01	    1.774052E+00	
    5.887769E-01	    1.774052E+00	
    7.197819E-01	    1.774052E+00	
    8.678370E-01	    1.774052E+00	
    1.034585E+00	    1.774052E+00	
    1.221658E+00	    1.774052E+00	
    1.430620E+00	    1.774052E+00	
    1.662902E+00	    1.774052E+00	
    1.919714E+00	    1.774052E+00	
    2.201958E+00	    1.774052E+00	
    2.510126E+00	    1.774052E+00	
    2.844202E+00	    1.774052E+00	
    3.203570E+00	    1.774052E+00	
    3.586939E+00	    1.774052E+00	
    3.992299E+00	    1.774052E+00	
    4.416909E+00	    1.774052E+00	
    4.857338E+00	    1.774052E+00	
    5.309549E+00	    1.774052E+00	
    5.769030E+00	    1.774052E+00	
    6.000000E+00	    1.774052E+00	
   -6.000000E+00	    1.841403E+00	
   -5.769030E+00	    1.841403E+00	
   -5.309549E+00	    1.841403E+00	
   -4.857338E+00	    1.841403E+00	
   -4.416909E+00	    1.841403E+00	
   -3.992299E+00	    1.841403E+00	
   -3.586939E+00	    1.841403E+00	
   -3.203570E+00	    1.841403E+00	
   -2.844202E+00	    1.841403E+00	
   -2.510126E+00	    1.841403E+00	
   -2.201958E+00	    1.841403E+00	
   -1.919714E+00	    1.841403E+00	
   -1.662902E+00	    1.841403E+00	
   -1.430620E+00	    1.841403E+00	
   -1.221658E+00	    1.841403E+00	
   -1.034585E+00	    1.841403E+00	
   -8.678370E-01	    1.841403E+00	
   -7.197819E-01	    1.841403E+00	
   -5.887769E-01	    1.841403E+00	
   -4.732123E-01	    1.841403E+00	
   -3.715427E-01	    1.841403E+00	
   -2.823094E-01	    1.841403E+00	
   -2.041542E-01	    1.841403E+00	
   -1.358267E-01	    1.841403E+00	
   -7.618632E-02	    1.841403E+00	
   -2.420112E-02	    1.841403E+00	
    2.420112E-02	    1.841403E+00	
    7.618632E-02	    1.841403E+00	
    1.358267E-01	    1.841403E+00	
    2.041542E-01	    1.841403E+00	
    2.823094E-01	    1.841403E+00	
    3.715427E-01	    1.841403E+00	
    4.732123E-01	    1.841403E+00	
    5.887769E-01	    1.841403E+00	
    7.197819E-01	    1.841403E+00	
    8.678370E-01	    1.841403E+00	
    1.034585E+00	    1.841403E+00	
    1.221658E+00	    1.841403E+00	
    1.430620E+00	    1.841403E+00	
    1.662902E+00	    1.841403E+00	
    1.919714E+00	    1.841403E+00	
    2.201958E+00	    1.841403E+00	
    2.510126E+00	    1.841403E+00	
    2.844202E+00	    1.841403E+00	
    3.203570E+00	    1.841403E+00	
    3.586939E+00	    1.841403E+00	
    3.992299E+00	    1.841403E+00	
    4.416909E+00	    1.841403E+00	
    4.857338E+00	    1.841403E+00	
    5.309549E+00	    1.841403E+00	
    5.769030E+00	    1.841403E+00	
    6.000000E+00	    1.841403E+00	
   -6.000000E+00	    1.922079E+00	
   -5.769030E+00	    1.922079E+00	
   -5.309549E+00	    1.922079E+00	
   -4.857338E+00	    1.922079E+00	
   -4.416909E+00	    1.922079E+00	
   -3.992299E+00	    1.922079E+00	
   -3.586939E+00	    1.922079E+00	
   -3.203570E+00	    1.922079E+00	
   -2.844202E+00	    1.922079E+00	
   -2.510126E+00	    1.922079E+00	
   -2.201958E+00	    1.922079E+00	
   -1.919714E+00	    1.922079E+00	
   -1.662902E+00	    1.922079E+00	
   -1.430620E+00	    1.922079E+00	
   -1.221658E+00	    1.922079E+00	
   -1.034585E+00	    1.922079E+00	
   -8.678370E-01	    1.922079E+00	
   -7.197819E-01	    1.922079E+00	
   -5.887769E-01	    1.922079E+00	
   -4.732123E-01	    1.922079E+00	
   -3.715427E-01	    1.922079E+00	
   -2.823094E-01	    1.922079E+00	
   -2.041542E-01	    1.922079E+00	
   -1.358267E-01	    1.922079E+00	
   -7.618632E-02	    1.922079E+00	
   -2.420112E-02	    1.922079E+00	
    2.420112E-02	    1.922079E+00	
    7.618632E-02	    1.922079E+00	
    1.358267E-01	    1.922079E+00	
    2.041542E-01	    1.922079E+00	
    2.823094E-01	    1.922079E+00	
    3.715427E-01	    1.922079E+00	
    4.732123E-01	    1.922079E+00	
    5.887769E-01	    1.922079E+00	
    7.197819E-01	    1.922079E+00	
    8.678370E-01	    1.922079E+00	
    1.034585E+00	    1.922079E+00	
    1.221658E+00	    1.922079E+00	
    1.430620E+00	    1.922079E+00	
    1.662902E+00	    1.922079E+00	
    1.919714E+00	    1.922079E+00	
    2.201958E+00	    1.922079E+00	
    2.510126E+00	    1.922079E+00	
    2.844202E+00	    1.922079E+00	
    3.203570E+00	    1.922079E+00	
    3.586939E+00	    1.922079E+00	
    3.992299E+00	    1.922079E+00	
    4.416909E+00	    1.922079E+00	
    4.857338E+00	    1.922079E+00	
    5.309549E+00	    1.922079E+00	
    5.769030E+00	    1.922079E+00	
    6.000000E+00	    1.922079E+00	
   -6.000000E+00	    2.015993E+00	
   -5.769030E+00	    2.015993E+00	
   -5.309549E+00	    2.015993E+00	
   -4.857338E+00	    2.015993E+00	
   -4.416909E+00	    2.015993E+00	
   -3.992299E+00	    2.015993E+00	
   -3.586939E+00	    2.015993E+00	
   -3.203570E+00	    2.015993E+00	
   -2.844202E+00	    2.015993E+00	
   -2.510126E+00	    2.015993E+00	
   -2.201958E+00	    2.015993E+00	
   -1.919714E+00	    2.015993E+00	
   -1.662902E+00	    2.015993E+00	
   -1.430620E+00	    2.015993E+00	
   -1.221658E+00	    2.015993E+00	
   -1.034585E+00	    2.015993E+00	
   -8.678370E-01	    2.015993E+00	
   -7.197819E-01	    2.015993E+00	
   -5.887769E-01	    2.015993E+00	
   -4.732123E-01	    2.015993E+00	
   -3.715427E-01	    2.015993E+00	
   -2.823094E-01	    2.015993E+00	
   -2.041542E-01	    2.015993E+00	
   -1.358267E-01	    2.015993E+00	
   -7.618632E-02	    2.015993E+00	
   -2.420112E-02	    2.015993E+00	
    2.420112E-02	    2.015993E+00	
    7.618632E-02	    2.015993E+00	
    1.358267E-01	    2.015993E+00	
    2.041542E-01	    2.015993E+00	
    2.823094E-01	    2.015993E+00	
    3.715427E-01	    2.015993E+00	
    4.732123E-01	    2.015993E+00	
    5.887769E-01	    2.015993E+00	
    7.197819E-01	    2.015993E+00	
    8.678370E-01	    2.015993E+00	
    1.034585E+00	    2.015993E+00	
    1.221658E+00	    2.015993E+00	
    1.430620E+00	    2.015993E+00	
    1.662902E+00	    2.015993E+00	
    1.919714E+00	    2.015993E+00	
    2.201958E+00	    2.015993E+00	
    2.510126E+00	    2.015993E+00	
    2.844202E+00	    2.015993E+00	
    3.203570E+00	    2.015993E+00	
    3.586939E+00	    2.015993E+00	
    3.992299E+00	    2.015993E+00	
    4.416909E+00	    2.015993E+00	
    4.857338E+00	    2.015993E+00	
    5.309549E+00	    2.015993E+00	
    5.769030E+00	    2.015993E+00	
    6.000000E+00	    2.015993E+00	
   -6.000000E+00	    2.121757E+00	
   -5.769030E+00	    2.121757E+00	
   -5.309549E+00	    2.121757E+00	
   -4.857338E+00	    2.121757E+00	
   -4.416909E+00	    2.121757E+00	
   -3.992299E+00	    2.121757E+00	
   -3.586939E+00	    2.121757E+00	
   -3.203570E+00	    2.121757E+00	
   -2.844202E+00	    2.121757E+00	
   -2.510126E+00	    2.121757E+00	
   -2.201958E+00	    2.121757E+00	
   -1.919714E+00	    2.121757E+00	
   -1.662902E+00	    2.121757E+00	
   -1.430620E+00	    2.121757E+00	
   -1.221658E+00	    2.121757E+00	
   -1.034585E+00	    2.121757E+00	
   -8.678370E-01	    2.121757E+00	
   -7.197819E-01	    2.121757E+00	
   -5.887769E-01	    2.121757E+00	
   -4.732123E-01	    2.121757E+00	
   -3.715427E-01	    2.121757E+00	
   -2.823094E-01	    2.121757E+00	
   -2.041542E-01	    2.121757E+00	
   -1.358267E-01	    2.121757E+00	
   -7.618632E-02	    2.121757E+00	
   -2.420112E-02	    2.121757E+00	
    2.420112E-02	    2.121757E+00	
    7.618632E-02	    2.121757E+00	
    1.358267E-01	    2.121757E+00	
    2.041542E-01	    2.121757E+00	
    2.823094E-01	    2.121757E+00	
    3.715427E-01	    2.121757E+00	
    4.732123E-01	    2.121757E+00	
    5.887769E-01	    2.121757E+00	
    7.197819E-01	    2.121757E+00	
    8.678370E-01	    2.121757E+00	
    1.034585E+00	    2.121757E+00	
    1.221658E+00	    2.121757E+00	
    1.430620E+00	    2.121757E+00	
    1.662902E+00	    2.121757E+00	
    1.919714E+00	    2.121757E+00	
    2.201958E+00	    2.121757E+00	
    2.510126E+00	    2.121757E+00	
    2.844202E+00	    2.121757E+00	
    3.203570E+00	    2.121757E+00	
    3.586939E+00	    2.121757E+00	
    3.992299E+00	    2.121757E+00	
    4.416909E+00	    2.121757E+00	
    4.857338E+00	    2.121757E+00	
    5.309549E+00	    2.121757E+00	
    5.769030E+00	    2.121757E+00	
    6.000000E+00	    2.121757E+00	
   -6.000000E+00	    2.236533E+00	
   -5.769030E+00	    2.236533E+00	
   -5.309549E+00	    2.236533E+00	
   -4.857338E+00	    2.236533E+00	
   -4.416909E+00	    2.236533E+00	
   -3.992299E+00	    2.236533E+00	
   -3.586939E+00	    2.236533E+00	
   -3.203570E+00	    2.236533E+00	
   -2.844202E+00	    2.236533E+00	
   -2.510126E+00	    2.236533E+00	
   -2.201958E+00	    2.236533E+00	
   -1.919714E+00	    2.236533E+00	
   -1.662902E+00	    2.236533E+00	
   -1.430620E+00	    2.236533E+00	
   -1.221658E+00	    2.236533E+00	
   -1.034585E+00	    2.236533E+00	
   -8.678370E-01	    2.236533E+00	
   -7.197819E-01	    2.236533E+00	
   -5.887769E-01	    2.236533E+00	
   -4.732123E-01	    2.236533E+00	
   -3.715427E-01	    2.236533E+00	
   -2.823094E-01	    2.236533E+00	
   -2.041542E-01	    2.236533E+00	
   -1.358267E-01	    2.236533E+00	
   -7.618632E-02	    2.236533E+00	
   -2.420112E-02	    2.236533E+00	
    2.420112E-02	    2.236533E+00	
    7.618632E-02	    2.236533E+00	
    1.358267E-01	    2.236533E+00	
    2.041542E-01	    2.236533E+00	
    2.823094E-01	    2.236533E+00	
    3.715427E-01	    2.236533E+00	
    4.732123E-01	    2.236533E+00	
    5.887769E-01	    2.236533E+00	
    7.197819E-01	    2.236533E+00	
    8.678370E-01	    2.236533E+00	
    1.034585E+00	    2.236533E+00	
    1.221658E+00	    2.236533E+00	
    1.430620E+00	    2.236533E+00	
    1.662902E+00	    2.236533E+00	
    1.919714E+00	    2.236533E+00	
    2.201958E+00	    2.236533E+00	
    2.510126E+00	    2.236533E+00	
    2.844202E+00	    2.236533E+00	
    3.203570E+00	    2.236533E+00	
    3.586939E+00	    2.236533E+00	
    3.992299E+00	    2.236533E+00	
    4.416909E+00	    2.236533E+00	
    4.857338E+00	    2.236533E+00	
    5.309549E+00	    2.236533E+00	
    5.769030E+00	    2.236533E+00	
    6.000000E+00	    2.236533E+00	
   -6.000000E+00	    2.356194E+00	
   -5.769030E+00	    2.356194E+00	
   -5.309549E+00	    2.356194E+00	
   -4.857338E+00	    2.356194E+00	
   -4.416909E+00	    2.356194E+00	
   -3.992299E+00	    2.356194E+00	
   -3.586939E+00	    2.356194E+00	
   -3.203570E+00	    2.356194E+00	
   -2.844202E+00	    2.356194E+00	
   -2.510126E+00	    2.356194E+00	
   -2.201958E+00	    2.356194E+00	
   -1.919714E+00	    2.356194E+00	
   -1.662902E+00	    2.356194E+00	
   -1.430620E+00	    2.356194E+00	
   -1.221658E+00	    2.356194E+00	
   -1.034585E+00	    2.356194E+00	
   -8.678370E-01	    2.356194E+00	
   -7.197819E-01	    2.356194E+00	
   -5.887769E-01	    2.356194E+00	
   -4.732123E-01	    2.356194E+00	
   -3.715427E-01	    2.356194E+00	
   -2.823094E-01	    2.356194E+00	
   -2.041542E-01	    2.356194E+00	
   -1.358267E-01	    2.356194E+00	
   -7.618632E-02	    2.356194E+00	
   -2.420112E-02	    2.356194E+00	
    2.420112E-02	    2.356194E+00	
    7.618632E-02	    2.356194E+00	
    1.358267E-01	    2.356194E+00	
    2.041542E-01	    2.356194E+00	
    2.823094E-01	    2.356194E+00	
    3.715427E-01	    2.356194E+00	
    4.732123E-01	    2.356194E+00	
    5.887769E-01	    2.356194E+00	
    7.197819E-01	    2.356194E+00	
    8.678370E-01	    2.356194E+00	
    1.034585E+00	    2.356194E+00	
    1.221658E+00	    2.356194E+00	
    1.430620E+00	    2.356194E+00	
    1.662902E+00	    2.356194E+00	
    1.919714E+00	    2.356194E+00	
    2.201958E+00	    2.356194E+00	
    2.510126E+00	    2.356194E+00	
    2.844202E+00	    2.356194E+00	
    3.203570E+00	    2.356194E+00	
    3.586939E+00	    2.356194E+00	
    3.992299E+00	    2.356194E+00	
    4.416909E+00	    2.356194E+00	
    4.857338E+00	    2.356194E+00	
    5.309549E+00	    2.356194E+00	
    5.769030E+00	    2.356194E+00	
    6.000000E+00	    2.356194E+00	
   -6.000000E+00	    2.475856E+00	
   -5.769030E+00	    2.475856E+00	
   -5.309549E+00	    2.475856E+00	
   -4.857338E+00	    2.475856E+00	
   -4.416909E+00	    2.475856E+00	
   -3.992299E+00	    2.475856E+00	
   -3.586939E+00	    2.475856E+00	
   -3.203570E+00	    2.475856E+00	
   -2.844202E+00	    2.475856E+00	
   -2.510126E+00	    2.475856E+00	
   -2.201958E+00	    2.475856E+00	
   -1.919714E+00	    2.475856E+00	
   -1.662902E+00	    2.475856E+00	
   -1.430620E+00	    2.475856E+00	
   -1.221658E+00	    2.475856E+00	
   -1.034585E+00	    2.475856E+00	
   -8.678370E-01	    2.475856E+00	
   -7.197819E-01	    2.475856E+00	
   -5.887769E-01	    2.475856E+00	
   -4.732123E-01	    2.475856E+00	
   -3.715427E-01	    2.475856E+00	
   -2.823094E-01	    2.475856E+00	
   -2.041542E-01	    2.475856E+00	
   -1.358267E-01	    2.475856E+00	
   -7.618632E-02	    2.475856E+00	
   -2.420112E-02	    2.475856E+00	
    2.420112E-02	    2.475856E+00	
    7.618632E-02	    2.475856E+00	
    1.358267E-01	    2.475856E+00	
    2.041542E-01	    2.475856E+00	
    2.823094E-01	    2.475856E+00	
    3.715427E-01	    2.475856E+00	
    4.732123E-01	    2.475856E+00	
    5.887769E-01	    2.475856E+00	
    7.197819E-01	    2.475856E+00	
    8.678370E-01	    2.475856E+00	
    1.034585E+00	    2.475856E+00	
    1.221658E+00	    2.475856E+00	
    1.430620E+00	    2.475856E+00	
    1.662902E+00	    2.475856E+00	
    1.919714E+00	    2.475856E+00	
    2.201958E+00	    2.475856E+00	
    2.510126E+00	    2.475856E+00	
    2.844202E+00	    2.475856E+00	
    3.203570E+00	    2.475856E+00	
    3.586939E+00	    2.475856E+00	
    3.992299E+00	    2.475856E+00	
    4.416909E+00	    2.475856E+00	
    4.857338E+00	    2.475856E+00	
    5.309549E+00	    2.475856E+00	
    5.769030E+00	    2.475856E+00	
    6.000000E+00	    2.475856E+00	
   -6.000000E+00	    2.590632E+00	
   -5.769030E+00	    2.590632E+00	
   -5.309549E+00	    2.590632E+00	
   -4.857338E+00	    2.590632E+00	
   -4.416909E+00	    2.590632E+00	
   -3.992299E+00	    2.590632E+00	
   -3.586939E+00	    2.590632E+00	
   -3.203570E+00	    2.590632E+00	
   -2.844202E+00	    2.590632E+00	
   -2.510126E+00	    2.590632E+00	
   -2.201958E+00	    2.590632E+00	
   -1.919714E+00	    2.590632E+00	
   -1.662902E+00	    2.590632E+00	
   -1.430620E+00	    2.590632E+00	
   -1.221658E+00	    2.590632E+00	
   -1.034585E+00	    2.590632E+00	
   -8.678370E-01	    2.590632E+00	
   -7.197819E-01	    2.590632E+00	
   -5.887769E-01	    2.590632E+00	
   -4.732123E-01	    2.590632E+00	
   -3.715427E-01	    2.590632E+00	
   -2.823094E-01	    2.590632E+00	
   -2.041542E-01	    2.590632E+00	
   -1.358267E-01	    2.590632E+00	
   -7.618632E-02	    2.590632E+00	
   -2.420112E-02	    2.590632E+00	
    2.420112E-02	    2.590632E+00	
    7.618632E-02	    2.590632E+00	
    1.358267E-01	    2.590632E+00	
    2.041542E-01	    2.590632E+00	
    2.823094E-01	    2.590632E+00	
    3.715427E-01	    2.590632E+00	
    4.732123E-01	    2.590632E+00	
    5.887769E-01	    2.590632E+00	
    7.197819E-01	    2.590632E+00	
    8.678370E-01	    2.590632E+00	
    1.034585E+00	    2.590632E+00	
    1.221658E+00	    2.590632E+00	
    1.430620E+00	    2.590632E+00	
    1.662902E+00	    2.590632E+00	
    1.919714E+00	    2.590632E+00	
    2.201958E+00	    2.590632E+00	
    2.510126E+00	    2.590632E+00	
    2.844202E+00	    2.590632E+00	
    3.203570E+00	    2.590632E+00	
    3.586939E+00	    2.590632E+00	
    3.992299E+00	    2.590632E+00	
    4.416909E+00	    2.590632E+00	
    4.857338E+00	    2.590632E+00	
    5.309549E+00	    2.590632E+00	
    5.769030E+00	    2.590632E+00	
    6.000000E+00	    2.590632E+00	
   -6.000000E+00	    2.696396E+00	
   -5.769030E+00	    2.696396E+00	
   -5.309549E+00	    2.696396E+00	
   -4.857338E+00	    2.696396E+00	
   -4.416909E+00	    2.696396E+00	
   -3.992299E+00	    2.696396E+00	
   -3.586939E+00	    2.696396E+00	
   -3.203570E+00	    2.696396E+00	
   -2.844202E+00	    2.696396E+00	
   -2.510126E+00	    2.696396E+00	
   -2.201958E+00	    2.696396E+00	
   -1.919714E+00	    2.696396E+00	
   -1.662902E+00	    2.696396E+00	
   -1.430620E+00	    2.696396E+00	
   -1.221658E+00	    2.696396E+00	
   -1.034585E+00	    2.696396E+00	
   -8.678370E-01	    2.696396E+00	
   -7.197819E-01	    2.696396E+00	
   -5.887769E-01	    2.696396E+00	
   -4.732123E-01	    2.696396E+00	
   -3.715427E-01	    2.696396E+00	
   -2.823094E-01	    2.696396E+00	
   -2.041542E-01	    2.696396E+00	
   -1.358267E-01	    2.696396E+00	
   -7.618632E-02	    2.696396E+00	
   -2.420112E-02	    2.696396E+00	
    2.420112E-02	    2.696396E+00	
    7.618632E-02	    2.696396E+00	
    1.358267E-01	    2.696396E+00	
    2.041542E-01	    2.696396E+00	
    2.823094E-01	    2.696396E+00	
    3.715427E-01	    2.696396E+00	
    4.732123E-01	    2.696396E+00	
    5.887769E-01	    2.696396E+00	
    7.197819E-01	    2.696396E+00	
    8.678370E-01	    2.696396E+00	
    1.034585E+00	    2.696396E+00	
    1.221658E+00	    2.696396E+00	
    1.430620E+00	    2.696396E+00	
    1.662902E+00	    2.696396E+00	
    1.919714E+00	    2.696396E+00	
    2.201958E+00	    2.696396E+00	
    2.510126E+00	    2.696396E+00	
    2.844202E+00	    2.696396E+00	
    3.203570E+00	    2.696396E+00	
    3.586939E+00	    2.696396E+00	
    3.992299E+00	    2.696396E+00	
    4.416909E+00	    2.696396E+00	
    4.857338E+00	    2.696396E+00	
    5.309549E+00	    2.696396E+00	
    5.769030E+00	    2.696396E+00	
    6.000000E+00	    2.696396E+00	
   -6.000000E+00	    2.790310E+00	
   -5.769030E+00	    2.790310E+00	
   -5.309549E+00	    2.790310E+00	
   -4.857338E+00	    2.790310E+00	
   -4.416909E+00	    2.790310E+00	
   -3.992299E+00	    2.790310E+00	
   -3.586939E+00	    2.790310E+00	
   -3.203570E+00	    2.790310E+00	
   -2.844202E+00	    2.790310E+00	
   -2.510126E+00	    2.790310E+00	
   -2.201958E+00	    2.790310E+00	
   -1.919714E+00	    2.790310E+00	
   -1.662902E+00	    2.790310E+00	
   -1.430620E+00	    2.790310E+00	
   -1.221658E+00	    2.790310E+00	
   -1.034585E+00	    2.790310E+00	
   -8.678370E-01	    2.790310E+00	
   -7.197819E-01	    2.790310E+00	
   -5.887769E-01	    2.790310E+00	
   -4.732123E-01	    2.790310E+00	
   -3.715427E-01	    2.790310E+00	
   -2.823094E-01	    2.790310E+00	
   -2.041542E-01	    2.790310E+00	
   -1.358267E-01	    2.790310E+00	
   -7.618632E-02	    2.790310E+00	
   -2.420112E-02	    2.790310E+00	
    2.420112E-02	    2.790310E+00	
    7.618632E-02	    2.790310E+00	
    1.358267E-01	    2.790310E+00	
    2.041542E-01	    2.790310E+00	
    2.823094E-01	    2.790310E+00	
    3.715427E-01	    2.790310E+00	
    4.732123E-01	    2.790310E+00	
    5.887769E-01	    2.790310E+00	
    7.197819E-01	    2.790310E+00	
    8.678370E-01	    2.790310E+00	
    1.034585E+00	    2.790310E+00	
    1.221658E+00	    2.790310E+00	
    1.430620E+00	    2.790310E+00	
    1.662902E+00	    2.790310E+00	
    1.919714E+00	    2.790310E+00	
    2.201958E+00	    2.790310E+00	
    2.510126E+00	    2.790310E+00	
    2.844202E+00	    2.790310E+00	
    3.203570E+00	    2.790310E+00	
    3.586939E+00	    2.790310E+00	
    3.992299E+00	    2.790310E+00	
    4.416909E+00	    2.790310E+00	
    4.857338E+00	    2.790310E+00	
    5.309549E+00	    2.790310E+00	
    5.769030E+00	    2.790310E+00	
    6.000000E+00	    2.790310E+00	
   -6.000000E+00	    2.870986E+00	
   -5.769030E+00	    2.870986E+00	
   -5.309549E+00	    2.870986E+00	
   -4.857338E+00	    2.870986E+00	
   -4.416909E+00	    2.870986E+00	
   -3.992299E+00	    2.870986E+00	
   -3.586939E+00	    2.870986E+00	
   -3.203570E+00	    2.870986E+00	
   -2.844202E+00	    2.870986E+00	
   -2.510126E+00	    2.870986E+00	
   -2.201958E+00	    2.870986E+00	
   -1.919714E+00	    2.870986E+00	
   -1.662902E+00	    2.870986E+00	
   -1.430620E+00	    2.870986E+00	
   -1.221658E+00	    2.870986E+00	
   -1.034585E+00	    2.870986E+00	
   -8.678370E-01	    2.870986E+00	
   -7.197819E-01	    2.870986E+00	
   -5.887769E-01	    2.870986E+00	
   -4.732123E-01	    2.870986E+00	
   -3.715427E-01	    2.870986E+00	
   -2.823094E-01	    2.870986E+00	
   -2.041542E-01	    2.870986E+00	
   -1.358267E-01	    2.870986E+00	
   -7.618632E-02	    2.870986E+00	
   -2.420112E-02	    2.870986E+00	
    2.420112E-02	    2.870986E+00	
    7.618632E-02	    2.870986E+00	
    1.358267E-01	    2.870986E+00	
    2.041542E-01	    2.870986E+00	
    2.823094E-01	    2.870986E+00	
    3.715427E-01	    2.870986E+00	
    4.732123E-01	    2.870986E+00	
    5.887769E-01	    2.870986E+00	
    7.197819E-01	    2.870986E+00	
    8.678370E-01	    2.870986E+00	
    1.034585E+00	    2.870986E+00	
    1.221658E+00	    2.870986E+00	
    1.430620E+00	    2.870986E+00	
    1.662902E+00	    2.870986E+00	
    1.919714E+00	    2.870986E+00	
    2.201958E+00	    2.870986E+00	
    2.510126E+00	    2.870986E+00	
    2.844202E+00	    2.870986E+00	
    3.203570E+00	    2.870986E+00	
    3.586939E+00	    2.870986E+00	
    3.992299E+00	    2.870986E+00	
    4.416909E+00	    2.870986E+00	
    4.857338E+00	    2.870986E+00	
    5.309549E+00	    2.870986E+00	
    5.769030E+00	    2.870986E+00	
    6.000000E+00	    2.870986E+00	
   -6.000000E+00	    2.938337E+00	
   -5.769030E+00	    2.938337E+00	
   -5.309549E+00	    2.938337E+00	
   -4.857338E+00	    2.938337E+00	
   -4.416909E+00	    2.938337E+00	
   -3.992299E+00	    2.938337E+00	
   -3.586939E+00	    2.938337E+00	
   -3.203570E+00	    2.938337E+00	
   -2.844202E+00	    2.938337E+00	
   -2.510126E+00	    2.938337E+00	
   -2.201958E+00	    2.938337E+00	
   -1.919714E+00	    2.938337E+00	
   -1.662902E+00	    2.938337E+00	
   -1.430620E+00	    2.938337E+00	
   -1.221658E+00	    2.938337E+00	
   -1.034585E+00	    2.938337E+00	
   -8.678370E-01	    2.938337E+00	
   -7.197819E-01	    2.938337E+00	
   -5.887769E-01	    2.938337E+00	
   -4.732123E-01	    2.938337E+00	
   -3.715427E-01	    2.938337E+00	
   -2.823094E-01	    2.938337E+00	
   -2.041542E-01	    2.938337E+00	
   -1.358267E-01	    2.938337E+00	
   -7.618632E-02	    2.938337E+00	
   -2.420112E-02	    2.938337E+00	
    2.420112E-02	    2.938337E+00	
    7.618632E-02	    2.938337E+00	
    1.358267E-01	    2.938337E+00	
    2.041542E-01	    2.938337E+00	
    2.823094E-01	    2.938337E+00	
    3.715427E-01	    2.938337E+00	
    4.732123E-01	    2.938337E+00	
    5.887769E-01	    2.938337E+00	
    7.197819E-01	    2.938337E+00	
    8.678370E-01	    2.938337E+00	
    1.034585E+00	    2.938337E+00	
    1.221658E+00	    2.938337E+00	
    1.430620E+00	    2.938337E+00	
    1.662902E+00	    2.938337E+00	
    1.919714E+00	    2.938337E+00	
    2.201958E+00	    2.938337E+00	
    2.510126E+00	    2.938337E+00	
    2.844202E+00	    2.938337E+00	
    3.203570E+00	    2.938337E+00	
    3.586939E+00	    2.938337E+00	
    3.992299E+00	    2.938337E+00	
    4.416909E+00	    2.938337E+00	
    4.857338E+00	    2.938337E+00	
    5.309549E+00	    2.938337E+00	
    5.769030E+00	    2.938337E+00	
    6.000000E+00	    2.938337E+00	
   -6.000000E+00	    2.993230E+00	
   -5.769030E+00	    2.993230E+00	
   -5.309549E+00	    2.993230E+00	
   -4.857338E+00	    2.993230E+00	
   -4.416909E+00	    2.993230E+00	
   -3.992299E+00	    2.993230E+00	
   -3.586939E+00	    2.993230E+00	
   -3.203570E+00	    2.993230E+00	
   -2.844202E+00	    2.993230E+00	
   -2.510126E+00	    2.993230E+00	
   -2.201958E+00	    2.993230E+00	
   -1.919714E+00	    2.993230E+00	
   -1.662902E+00	    2.993230E+00	
   -1.430620E+00	    2.993230E+00	
   -1.221658E+00	    2.993230E+00	
   -1.034585E+00	    2.993230E+00	
   -8.678370E-01	    2.993230E+00	
   -7.197819E-01	    2.993230E+00	
   -5.887769E-01	    2.993230E+00	
   -4.732123E-01	    2.993230E+00	
   -3.715427E-01	    2.993230E+00	
   -2.823094E-01	    2.993230E+00	
   -2.041542E-01	    2.993230E+00	
   -1.358267E-01	    2.993230E+00	
   -7.618632E-02	    2.993230E+00	
   -2.420112E-02	    2.993230E+00	
    2.420112E-02	    2.993230E+00	
    7.618632E-02	    2.993230E+00	
    1.358267E-01	    2.993230E+00	
    2.041542E-01	    2.993230E+00	
    2.823094E-01	    2.993230E+00	
    3.715427E-01	    2.993230E+00	
    4.732123E-01	    2.993230E+00	
    5.887769E-01	    2.993230E+00	
    7.197819E-01	    2.993230E+00	
    8.678370E-01	    2.993230E+00	
    1.034585E+00	    2.993230E+00	
    1.221658E+00	    2.993230E+00	
    1.430620E+00	    2.993230E+00	
    1.662902E+00	    2.993230E+00	
    1.919714E+00	    2.993230E+00	
    2.201958E+00	    2.993230E+00	
    2.510126E+00	    2.993230E+00	
    2.844202E+00	    2.993230E+00	
    3.203570E+00	    2.993230E+00	
    3.586939E+00	    2.993230E+00	
    3.992299E+00	    2.993230E+00	
    4.416909E+00	    2.993230E+00	
    4.857338E+00	    2.993230E+00	
    5.309549E+00	    2.993230E+00	
    5.769030E+00	    2.993230E+00	
    6.000000E+00	    2.993230E+00	
   -6.000000E+00	    3.037099E+00	
   -5.769030E+00	    3.037099E+00	
   -5.309549E+00	    3.037099E+00	
   -4.857338E+00	    3.037099E+00	
   -4.416909E+00	    3.037099E+00	
   -3.992299E+00	    3.037099E+00	
   -3.586939E+00	    3.037099E+00	
   -3.203570E+00	    3.037099E+00	
   -2.844202E+00	    3.037099E+00	
   -2.510126E+00	    3.037099E+00	
   -2.201958E+00	    3.037099E+00	
   -1.919714E+00	    3.037099E+00	
   -1.662902E+00	    3.037099E+00	
   -1.430620E+00	    3.037099E+00	
   -1.221658E+00	    3.037099E+00	
   -1.034585E+00	    3.037099E+00	
   -8.678370E-01	    3.037099E+00	
   -7.197819E-01	    3.037099E+00	
   -5.887769E-01	    3.037099E+00	
   -4.732123E-01	    3.037099E+00	
   -3.715427E-01	    3.037099E+00	
   -2.823094E-01	    3.037099E+00	
   -2.041542E-01	    3.037099E+00	
   -1.358267E-01	    3.037099E+00	
   -7.618632E-02	    3.037099E+00	
   -2.420112E-02	    3.037099E+00	
    2.420112E-02	    3.037099E+00	
    7.618632E-02	    3.037099E+00	
    1.358267E-01	    3.037099E+00	
    2.041542E-01	    3.037099E+00	
    2.823094E-01	    3.037099E+00	
    3.715427E-01	    3.037099E+00	
    4.732123E-01	    3.037099E+00	
    5.887769E-01	    3.037099E+00	
    7.197819E-01	    3.037099E+00	
    8.678370E-01	    3.037099E+00	
    1.034585E+00	    3.037099E+00	
    1.221658E+00	    3.037099E+00	
    1.430620E+00	    3.037099E+00	
    1.662902E+00	    3.037099E+00	
    1.919714E+00	    3.037099E+00	
    2.201958E+00	    3.037099E+00	
    2.510126E+00	    3.037099E+00	
    2.844202E+00	    3.037099E+00	
    3.203570E+00	    3.037099E+00	
    3.586939E+00	    3.037099E+00	
    3.992299E+00	    3.037099E+00	
    4.416909E+00	    3.037099E+00	
    4.857338E+00	    3.037099E+00	
    5.309549E+00	    3.037099E+00	
    5.769030E+00	    3.037099E+00	
    6.000000E+00	    3.037099E+00	
   -6.000000E+00	    3.071606E+00	
   -5.769030E+00	    3.071606E+00	
   -5.309549E+00	    3.071606E+00	
   -4.857338E+00	    3.071606E+00	
   -4.416909E+00	    3.071606E+00	
   -3.992299E+00	    3.071606E+00	
   -3.586939E+00	    3.071606E+00	
   -3.203570E+00	    3.071606E+00	
   -2.844202E+00	    3.071606E+00	
   -2.510126E+00	    3.071606E+00	
   -2.201958E+00	    3.071606E+00	
   -1.919714E+00	    3.071606E+00	
   -1.662902E+00	    3.071606E+00	
   -1.430620E+00	    3.071606E+00	
   -1.221658E+00	    3.071606E+00	
   -1.034585E+00	    3.071606E+00	
   -8.678370E-01	    3.071606E+00	
   -7.197819E-01	    3.071606E+00	
   -5.887769E-01	    3.071606E+00	
   -4.732123E-01	    3.071606E+00	
   -3.715427E-01	    3.071606E+00	
   -2.823094E-01	    3.071606E+00	
   -2.041542E-01	    3.071606E+00	
   -1.358267E-01	    3.071606E+00	
   -7.618632E-02	    3.071606E+00	
   -2.420112E-02	    3.071606E+00	
    2.420112E-02	    3.071606E+00	
    7.618632E-02	    3.071606E+00	
    1.358267E-01	    3.071606E+00	
    2.041542E-01	    3.071606E+00	
    2.823094E-01	    3.071606E+00	
    3.715427E-01	    3.071606E+00	
    4.732123E-01	    3.071606E+00	
    5.887769E-01	    3.071606E+00	
    7.197819E-01	    3.071606E+00	
    8.678370E-01	    3.071606E+00	
    1.034585E+00	    3.071606E+00	
    1.221658E+00	    3.071606E+00	
    1.430620E+00	    3.071606E+00	
    1.662902E+00	    3.071606E+00	
    1.919714E+00	    3.071606E+00	
    2.201958E+00	    3.071606E+00	
    2.510126E+00	    3.071606E+00	
    2.844202E+00	    3.071606E+00	
    3.203570E+00	    3.071606E+00	
    3.586939E+00	    3.071606E+00	
    3.992299E+00	    3.071606E+00	
    4.416909E+00	    3.071606E+00	
    4.857338E+00	    3.071606E+00	
    5.309549E+00	    3.071606E+00	
    5.769030E+00	    3.071606E+00	
    6.000000E+00	    3.071606E+00	
   -6.000000E+00	    3.098414E+00	
   -5.769030E+00	    3.098414E+00	
   -5.309549E+00	    3.098414E+00	
   -4.857338E+00	    3.098414E+00	
   -4.416909E+00	    3.098414E+00	
   -3.992299E+00	    3.098414E+00	
   -3.586939E+00	    3.098414E+00	
   -3.203570E+00	    3.098414E+00	
   -2.844202E+00	    3.098414E+00	
   -2.510126E+00	    3.098414E+00	
   -2.201958E+00	    3.098414E+00	
   -1.919714E+00	    3.098414E+00	
   -1.662902E+00	    3.098414E+00	
   -1.430620E+00	    3.098414E+00	
   -1.221658E+00	    3.098414E+00	
   -1.034585E+00	    3.098414E+00	
   -8.678370E-01	    3.098414E+00	
   -7.197819E-01	    3.098414E+00	
   -5.887769E-01	    3.098414E+00	
   -4.732123E-01	    3.098414E+00	
   -3.715427E-01	    3.098414E+00	
   -2.823094E-01	    3.098414E+00	
   -2.041542E-01	    3.098414E+00	
   -1.358267E-01	    3.098414E+00	
   -7.618632E-02	    3.098414E+00	
   -2.420112E-02	    3.098414E+00	
    2.420112E-02	    3.098414E+00	
    7.618632E-02	    3.098414E+00	
    1.358267E-01	    3.098414E+00	
    2.041542E-01	    3.098414E+00	
    2.823094E-01	    3.098414E+00	
    3.715427E-01	    3.098414E+00	
    4.732123E-01	    3.098414E+00	
    5.887769E-01	    3.098414E+00	
    7.197819E-01	    3.098414E+00	
    8.678370E-01	    3.098414E+00	
    1.034585E+00	    3.098414E+00	
    1.221658E+00	    3.098414E+00	
    1.430620E+00	    3.098414E+00	
    1.662902E+00	    3.098414E+00	
    1.919714E+00	    3.098414E+00	
    2.201958E+00	    3.098414E+00	
    2.510126E+00	    3.098414E+00	
    2.844202E+00	    3.098414E+00	
    3.203570E+00	    3.098414E+00	
    3.586939E+00	    3.098414E+00	
    3.992299E+00	    3.098414E+00	
    4.416909E+00	    3.098414E+00	
    4.857338E+00	    3.098414E+00	
    5.309549E+00	    3.098414E+00	
    5.769030E+00	    3.098414E+00	
    6.000000E+00	    3.098414E+00	
   -6.000000E+00	    3.119039E+00	
   -5.769030E+00	    3.119039E+00	
   -5.309549E+00	    3.119039E+00	
   -4.857338E+00	    3.119039E+00	
   -4.416909E+00	    3.119039E+00	
   -3.992299E+00	    3.119039E+00	
   -3.586939E+00	    3.119039E+00	
   -3.203570E+00	    3.119039E+00	
   -2.844202E+00	    3.119039E+00	
   -2.510126E+00	    3.119039E+00	
   -2.201958E+00	    3.119039E+00	
   -1.919714E+00	    3.119039E+00	
   -1.662902E+00	    3.119039E+00	
   -1.430620E+00	    3.119039E+00	
   -1.221658E+00	    3.119039E+00	
   -1.034585E+00	    3.119039E+00	
   -8.678370E-01	    3.119039E+00	
   -7.197819E-01	    3.119039E+00	
   -5.887769E-01	    3.119039E+00	
   -4.732123E-01	    3.119039E+00	
   -3.715427E-01	    3.119039E+00	
   -2.823094E-01	    3.119039E+00	
   -2.041542E-01	    3.119039E+00	
   -1.358267E-01	    3.119039E+00	
   -7.618632E-02	    3.119039E+00	
   -2.420112E-02	    3.119039E+00	
    2.420112E-02	    3.119039E+00	
    7.618632E-02	    3.119039E+00	
    1.358267E-01	    3.119039E+00	
    2.041542E-01	    3.119039E+00	
    2.823094E-01	    3.119039E+00	
    3.715427E-01	    3.119039E+00	
    4.732123E-01	    3.119039E+00	
    5.887769E-01	    3.119039E+00	
    7.197819E-01	    3.119039E+00	
    8.678370E-01	    3.119039E+00	
    1.034585E+00	    3.119039E+00	
    1.221658E+00	    3.119039E+00	
    1.430620E+00	    3.119039E+00	
    1.662902E+00	    3.119039E+00	
    1.919714E+00	    3.119039E+00	
    2.201958E+00	    3.119039E+00	
    2.510126E+00	    3.119039E+00	
    2.844202E+00	    3.119039E+00	
    3.203570E+00	    3.119039E+00	
    3.586939E+00	    3.119039E+00	
    3.992299E+00	    3.119039E+00	
    4.416909E+00	    3.119039E+00	
    4.857338E+00	    3.119039E+00	
    5.309549E+00	    3.119039E+00	
    5.769030E+00	    3.119039E+00	
    6.000000E+00	    3.119039E+00	
   -6.000000E+00	    3.134788E+00	
   -5.769030E+00	    3.134788E+00	
   -5.309549E+00	    3.134788E+00	
   -4.857338E+00	    3.134788E+00	
   -4.416909E+00	    3.134788E+00	
   -3.992299E+00	    3.134788E+00	
   -3.586939E+00	    3.134788E+00	
   -3.203570E+00	    3.134788E+00	
   -2.844202E+00	    3.134788E+00	
   -2.510126E+00	    3.134788E+00	
   -2.201958E+00	    3.134788E+00	
   -1.919714E+00	    3.134788E+00	
   -1.662902E+00	    3.134788E+00	
   -1.430620E+00	    3.134788E+00	
   -1.221658E+00	    3.134788E+00	
   -1.034585E+00	    3.134788E+00	
   -8.678370E-01	    3.134788E+00	
   -7.197819E-01	    3.134788E+00	
   -5.887769E-01	    3.134788E+00	
   -4.732123E-01	    3.134788E+00	
   -3.715427E-01	    3.134788E+00	
   -2.823094E-01	    3.134788E+00	
   -2.041542E-01	    3.134788E+00	
   -1.358267E-01	    3.134788E+00	
   -7.618632E-02	    3.134788E+00	
   -2.420112E-02	    3.134788E+00	
    2.420112E-02	    3.134788E+00	
    7.618632E-02	    3.134788E+00	
    1.358267E-01	    3.134788E+00	
    2.041542E-01	    3.134788E+00	
    2.823094E-01	    3.134788E+00	
    3.715427E-01	    3.134788E+00	
    4.732123E-01	    3.134788E+00	
    5.887769E-01	    3.134788E+00	
    7.197819E-01	    3.134788E+00	
    8.678370E-01	    3.134788E+00	
    1.034585E+00	    3.134788E+00	
    1.221658E+00	    3.134788E+00	
    1.430620E+00	    3.134788E+00	
    1.662902E+00	    3.134788E+00	
    1.919714E+00	    3.134788E+00	
    2.201958E+00	    3.134788E+00	
    2.510126E+00	    3.134788E+00	
    2.844202E+00	    3.134788E+00	
    3.203570E+00	    3.134788E+00	
    3.586939E+00	    3.134788E+00	
    3.992299E+00	    3.134788E+00	
    4.416909E+00	    3.134788E+00	
    4.857338E+00	    3.134788E+00	
    5.309549E+00	    3.134788E+00	
    5.769030E+00	    3.134788E+00	
    6.000000E+00	    3.134788E+00	
   -6.000000E+00	    3.148398E+00	
   -5.769030E+00	    3.148398E+00	
   -5.309549E+00	    3.148398E+00	
   -4.857338E+00	    3.148398E+00	
   -4.416909E+00	    3.148398E+00	
   -3.992299E+00	    3.148398E+00	
   -3.586939E+00	    3.148398E+00	
   -3.203570E+00	    3.148398E+00	
   -2.844202E+00	    3.148398E+00	
   -2.510126E+00	    3.148398E+00	
   -2.201958E+00	    3.148398E+00	
   -1.919714E+00	    3.148398E+00	
   -1.662902E+00	    3.148398E+00	
   -1.430620E+00	    3.148398E+00	
   -1.221658E+00	    3.148398E+00	
   -1.034585E+00	    3.148398E+00	
   -8.678370E-01	    3.148398E+00	
   -7.197819E-01	    3.148398E+00	
   -5.887769E-01	    3.148398E+00	
   -4.732123E-01	    3.148398E+00	
   -3.715427E-01	    3.148398E+00	
   -2.823094E-01	    3.148398E+00	
   -2.041542E-01	    3.148398E+00	
   -1.358267E-01	    3.148398E+00	
   -7.618632E-02	    3.148398E+00	
   -2.420112E-02	    3.148398E+00	
    2.420112E-02	    3.148398E+00	
    7.618632E-02	    3.148398E+00	
    1.358267E-01	    3.148398E+00	
    2.041542E-01	    3.148398E+00	
    2.823094E-01	    3.148398E+00	
    3.715427E-01	    3.148398E+00	
    4.732123E-01	    3.148398E+00	
    5.887769E-01	    3.148398E+00	
    7.197819E-01	    3.148398E+00	
    8.678370E-01	    3.148398E+00	
    1.034585E+00	    3.148398E+00	
    1.221658E+00	    3.148398E+00	
    1.430620E+00	    3.148398E+00	
    1.662902E+00	    3.148398E+00	
    1.919714E+00	    3.148398E+00	
    2.201958E+00	    3.148398E+00	
    2.510126E+00	    3.148398E+00	
    2.844202E+00	    3.148398E+00	
    3.203570E+00	    3.148398E+00	
    3.586939E+00	    3.148398E+00	
    3.992299E+00	    3.148398E+00	
    4.416909E+00	    3.148398E+00	
    4.857338E+00	    3.148398E+00	
    5.309549E+00	    3.148398E+00	
    5.769030E+00	    3.148398E+00	
    6.000000E+00	    3.148398E+00	
   -6.000000E+00	    3.164146E+00	
   -5.769030E+00	    3.164146E+00	
   -5.309549E+00	    3.164146E+00	
   -4.857338E+00	    3.164146E+00	
   -4.416909E+00	    3.164146E+00	
   -3.992299E+00	    3.164146E+00	
   -3.586939E+00	    3.164146E+00	
   -3.203570E+00	    3.164146E+00	
   -2.844202E+00	    3.164146E+00	
   -2.510126E+00	    3.164146E+00	
   -2.201958E+00	    3.164146E+00	
   -1.919714E+00	    3.164146E+00	
   -1.662902E+00	    3.164146E+00	
   -1.430620E+00	    3.164146E+00	
   -1.221658E+00	    3.164146E+00	
   -1.034585E+00	    3.164146E+00	
   -8.678370E-01	    3.164146E+00	
   -7.197819E-01	    3.164146E+00	
   -5.887769E-01	    3.164146E+00	
   -4.732123E-01	    3.164146E+00	
   -3.715427E-01	    3.164146E+00	
   -2.823094E-01	    3.164146E+00	
   -2.041542E-01	    3.164146E+00	
   -1.358267E-01	    3.164146E+00	
   -7.618632E-02	    3.164146E+00	
   -2.420112E-02	    3.164146E+00	
    2.420112E-02	    3.164146E+00	
    7.618632E-02	    3.164146E+00	
    1.358267E-01	    3.164146E+00	
    2.041542E-01	    3.164146E+00	
    2.823094E-01	    3.164146E+00	
    3.715427E-01	    3.164146E+00	
    4.732123E-01	    3.164146E+00	
    5.887769E-01	    3.164146E+00	
    7.197819E-01	    3.164146E+00	
    8.678370E-01	    3.164146E+00	
    1.034585E+00	    3.164146E+00	
    1.221658E+00	    3.164146E+00	
    1.430620E+00	    3.164146E+00	
    1.662902E+00	    3.164146E+00	
    1.919714E+00	    3.164146E+00	
    2.201958E+00	    3.164146E+00	
    2.510126E+00	    3.164146E+00	
    2.844202E+00	    3.164146E+00	
    3.203570E+00	    3.164146E+00	
    3.586939E+00	    3.164146E+00	
    3.992299E+00	    3.164146E+00	
    4.416909E+00	    3.164146E+00	
    4.857338E+00	    3.164146E+00	
    5.309549E+00	    3.164146E+00	
    5.769030E+00	    3.164146E+00	
    6.000000E+00	    3.164146E+00	
   -6.000000E+00	    3.184771E+00	
   -5.769030E+00	    3.184771E+00	
   -5.309549E+00	    3.184771E+00	
   -4.857338E+00	    3.184771E+00	
   -4.416909E+00	    3.184771E+00	
   -3.992299E+00	    3.184771E+00	
   -3.586939E+00	    3.184771E+00	
   -3.203570E+00	    3.184771E+00	
   -2.844202E+00	    3.184771E+00	
   -2.510126E+00	    3.184771E+00	
   -2.201958E+00	    3.184771E+00	
   -1.919714E+00	    3.184771E+00	
   -1.662902E+00	    3.184771E+00	
   -1.430620E+00	    3.184771E+00	
   -1.221658E+00	    3.184771E+00	
   -1.034585E+00	    3.184771E+00	
   -8.678370E-01	    3.184771E+00	
   -7.197819E-01	    3.184771E+00	
   -5.887769E-01	    3.184771E+00	
   -4.732123E-01	    3.184771E+00	
   -3.715427E-01	    3.184771E+00	
   -2.823094E-01	    3.184771E+00	
   -2.041542E-01	    3.184771E+00	
   -1.358267E-01	    3.184771E+00	
   -7.618632E-02	    3.184771E+00	
   -2.420112E-02	    3.184771E+00	
    2.420112E-02	    3.184771E+00	
    7.618632E-02	    3.184771E+00	
    1.358267E-01	    3.184771E+00	
    2.041542E-01	    3.184771E+00	
    2.823094E-01	    3.184771E+00	
    3.715427E-01	    3.184771E+00	
    4.732123E-01	    3.184771E+00	
    5.887769E-01	    3.184771E+00	
    7.197819E-01	    3.184771E+00	
    8.678370E-01	    3.184771E+00	
    1.034585E+00	    3.184771E+00	
    1.221658E+00	    3.184771E+00	
    1.430620E+00	    3.184771E+00	
    1.662902E+00	    3.184771E+00	
    1.919714E+00	    3.184771E+00	
    2.201958E+00	    3.184771E+00	
    2.510126E+00	    3.184771E+00	
    2.844202E+00	    3.184771E+00	
    3.203570E+00	    3.184771E+00	
    3.586939E+00	    3.184771E+00	
    3.992299E+00	    3.184771E+00	
    4.416909E+00	    3.184771E+00	
    4.857338E+00	    3.184771E+00	
    5.309549E+00	    3.184771E+00	
    5.769030E+00	    3.184771E+00	
    6.000000E+00	    3.184771E+00	
   -6.000000E+00	    3.211579E+00	
   -5.769030E+00	    3.211579E+00	
   -5.309549E+00	    3.211579E+00	
   -4.857338E+00	    3.211579E+00	
   -4.416909E+00	    3.211579E+00	
   -3.992299E+00	    3.211579E+00	
   -3.586939E+00	    3.211579E+00	
   -3.203570E+00	    3.211579E+00	
   -2.844202E+00	    3.211579E+00	
   -2.510126E+00	    3.211579E+00	
   -2.201958E+00	    3.211579E+00	
   -1.919714E+00	    3.211579E+00	
   -1.662902E+00	    3.211579E+00	
   -1.430620E+00	    3.211579E+00	
   -1.221658E+00	    3.211579E+00	
   -1.034585E+00	    3.211579E+00	
   -8.678370E-01	    3.211579E+00	
   -7.197819E-01	    3.211579E+00	
   -5.887769E-01	    3.211579E+00	
   -4.732123E-01	    3.211579E+00	
   -3.715427E-01	    3.211579E+00	
   -2.823094E-01	    3.211579E+00	
   -2.041542E-01	    3.211579E+00	
   -1.358267E-01	    3.211579E+00	
   -7.618632E-02	    3.211579E+00	
   -2.420112E-02	    3.211579E+00	
    2.420112E-02	    3.211579E+00	
    7.618632E-02	    3.211579E+00	
    1.358267E-01	    3.211579E+00	
    2.041542E-01	    3.211579E+00	
    2.823094E-01	    3.211579E+00	
    3.715427E-01	    3.211579E+00	
    4.732123E-01	    3.211579E+00	
    5.887769E-01	    3.211579E+00	
    7.197819E-01	    3.211579E+00	
    8.678370E-01	    3.211579E+00	
    1.034585E+00	    3.211579E+00	
    1.221658E+00	    3.211579E+00	
    1.430620E+00	    3.211579E+00	
    1.662902E+00	    3.211579E+00	
    1.919714E+00	    3.211579E+00	
    2.201958E+00	    3.211579E+00	
    2.510126E+00	    3.211579E+00	
    2.844202E+00	    3.211579E+00	
    3.203570E+00	    3.211579E+00	
    3.586939E+00	    3.211579E+00	
    3.992299E+00	    3.211579E+00	
    4.416909E+00	    3.211579E+00	
    4.857338E+00	    3.211579E+00	
    5.309549E+00	    3.211579E+00	
    5.769030E+00	    3.211579E+00	
    6.000000E+00	    3.211579E+00	
   -6.000000E+00	    3.246087E+00	
   -5.769030E+00	    3.246087E+00	
   -5.309549E+00	    3.246087E+00	
   -4.857338E+00	    3.246087E+00	
   -4.416909E+00	    3.246087E+00	
   -3.992299E+00	    3.246087E+00	
   -3.586939E+00	    3.246087E+00	
   -3.203570E+00	    3.246087E+00	
   -2.844202E+00	    3.246087E+00	
   -2.510126E+00	    3.246087E+00	
   -2.201958E+00	    3.246087E+00	
   -1.919714E+00	    3.246087E+00	
   -1.662902E+00	    3.246087E+00	
   -1.430620E+00	    3.246087E+00	
   -1.221658E+00	    3.246087E+00	
   -1.034585E+00	    3.246087E+00	
   -8.678370E-01	    3.246087E+00	
   -7.197819E-01	    3.246087E+00	
   -5.887769E-01	    3.246087E+00	
   -4.732123E-01	    3.246087E+00	
   -3.715427E-01	    3.246087E+00	
   -2.823094E-01	    3.246087E+00	
   -2.041542E-01	    3.246087E+00	
   -1.358267E-01	    3.246087E+00	
   -7.618632E-02	    3.246087E+00	
   -2.420112E-02	    3.246087E+00	
    2.420112E-02	    3.246087E+00	
    7.618632E-02	    3.246087E+00	
    1.358267E-01	    3.246087E+00	
    2.041542E-01	    3.246087E+00	
    2.823094E-01	    3.246087E+00	
    3.715427E-01	    3.246087E+00	
    4.732123E-01	    3.246087E+00	
    5.887769E-01	    3.246087E+00	
    7.197819E-01	    3.246087E+00	
    8.678370E-01	    3.246087E+00	
    1.034585E+00	    3.246087E+00	
    1.221658E+00	    3.246087E+00	
    1.430620E+00	    3.246087E+00	
    1.662902E+00	    3.246087E+00	
    1.919714E+00	    3.246087E+00	
    2.201958E+00	    3.246087E+00	
    2.510126E+00	    3.246087E+00	
    2.844202E+00	    3.246087E+00	
    3.203570E+00	    3.246087E+00	
    3.586939E+00	    3.246087E+00	
    3.992299E+00	    3.246087E+00	
    4.416909E+00	    3.246087E+00	
    4.857338E+00	    3.246087E+00	
    5.309549E+00	    3.246087E+00	
    5.769030E+00	    3.246087E+00	
    6.000000E+00	    3.246087E+00	
   -6.000000E+00	    3.289955E+00	
   -5.769030E+00	    3.289955E+00	
   -5.309549E+00	    3.289955E+00	
   -4.857338E+00	    3.289955E+00	
   -4.416909E+00	    3.289955E+00	
   -3.992299E+00	    3.289955E+00	
   -3.586939E+00	    3.289955E+00	
   -3.203570E+00	    3.289955E+00	
   -2.844202E+00	    3.289955E+00	
   -2.510126E+00	    3.289955E+00	
   -2.201958E+00	    3.289955E+00	
   -1.919714E+00	    3.289955E+00	
   -1.662902E+00	    3.289955E+00	
   -1.430620E+00	    3.289955E+00	
   -1.221658E+00	    3.289955E+00	
   -1.034585E+00	    3.289955E+00	
   -8.678370E-01	    3.289955E+00	
   -7.197819E-01	    3.289955E+00	
   -5.887769E-01	    3.289955E+00	
   -4.732123E-01	    3.289955E+00	
   -3.715427E-01	    3.289955E+00	
   -2.823094E-01	    3.289955E+00	
   -2.041542E-01	    3.289955E+00	
   -1.358267E-01	    3.289955E+00	
   -7.618632E-02	    3.289955E+00	
   -2.420112E-02	    3.289955E+00	
    2.420112E-02	    3.289955E+00	
    7.618632E-02	    3.289955E+00	
    1.358267E-01	    3.289955E+00	
    2.041542E-01	    3.289955E+00	
    2.823094E-01	    3.289955E+00	
    3.715427E-01	    3.289955E+00	
    4.732123E-01	    3.289955E+00	
    5.887769E-01	    3.289955E+00	
    7.197819E-01	    3.289955E+00	
    8.678370E-01	    3.289955E+00	
    1.034585E+00	    3.289955E+00	
    1.221658E+00	    3.289955E+00	
    1.430620E+00	    3.289955E+00	
    1.662902E+00	    3.289955E+00	
    1.919714E+00	    3.289955E+00	
    2.201958E+00	    3.289955E+00	
    2.510126E+00	    3.289955E+00	
    2.844202E+00	    3.289955E+00	
    3.203570E+00	    3.289955E+00	
    3.586939E+00	    3.289955E+00	
    3.992299E+00	    3.289955E+00	
    4.416909E+00	    3.289955E+00	
    4.857338E+00	    3.289955E+00	
    5.309549E+00	    3.289955E+00	
    5.769030E+00	    3.289955E+00	
    6.000000E+00	    3.289955E+00	
   -6.000000E+00	    3.344848E+00	
   -5.769030E+00	    3.344848E+00	
   -5.309549E+00	    3.344848E+00	
   -4.857338E+00	    3.344848E+00	
   -4.416909E+00	    3.344848E+00	
   -3.992299E+00	    3.344848E+00	
   -3.586939E+00	    3.344848E+00	
   -3.203570E+00	    3.344848E+00	
   -2.844202E+00	    3.344848E+00	
   -2.510126E+00	    3.344848E+00	
   -2.201958E+00	    3.344848E+00	
   -1.919714E+00	    3.344848E+00	
   -1.662902E+00	    3.344848E+00	
   -1.430620E+00	    3.344848E+00	
   -1.221658E+00	    3.344848E+00	
   -1.034585E+00	    3.344848E+00	
   -8.678370E-01	    3.344848E+00	
   -7.197819E-01	    3.344848E+00	
   -5.887769E-01	    3.344848E+00	
   -4.732123E-01	    3.344848E+00	
   -3.715427E-01	    3.344848E+00	
   -2.823094E-01	    3.344848E+00	
   -2.041542E-01	    3.344848E+00	
   -1.358267E-01	    3.344848E+00	
   -7.618632E-02	    3.344848E+00	
   -2.420112E-02	    3.344848E+00	
    2.420112E-02	    3.344848E+00	
    7.618632E-02	    3.344848E+00	
    1.358267E-01	    3.344848E+00	
    2.041542E-01	    3.344848E+00	
    2.823094E-01	    3.344848E+00	
    3.715427E-01	    3.344848E+00	
    4.732123E-01	    3.344848E+00	
    5.887769E-01	    3.344848E+00	
    7.197819E-01	    3.344848E+00	
    8.678370E-01	    3.344848E+00	
    1.034585E+00	    3.344848E+00	
    1.221658E+00	    3.344848E+00	
    1.430620E+00	    3.344848E+00	
    1.662902E+00	    3.344848E+00	
    1.919714E+00	    3.344848E+00	
    2.201958E+00	    3.344848E+00	
    2.510126E+00	    3.344848E+00	
    2.844202E+00	    3.344848E+00	
    3.203570E+00	    3.344848E+00	
    3.586939E+00	    3.344848E+00	
    3.992299E+00	    3.344848E+00	
    4.416909E+00	    3.344848E+00	
    4.857338E+00	    3.344848E+00	
    5.309549E+00	    3.344848E+00	
    5.769030E+00	    3.344848E+00	
    6.000000E+00	    3.344848E+00	
   -6.000000E+00	    3.412200E+00	
   -5.769030E+00	    3.412200E+00	
   -5.309549E+00	    3.412200E+00	
   -4.857338E+00	    3.412200E+00	
   -4.416909E+00	    3.412200E+00	
   -3.992299E+00	    3.412200E+00	
   -3.586939E+00	    3.412200E+00	
   -3.203570E+00	    3.412200E+00	
   -2.844202E+00	    3.412200E+00	
   -2.510126E+00	    3.412200E+00	
   -2.201958E+00	    3.412200E+00	
   -1.919714E+00	    3.412200E+00	
   -1.662902E+00	    3.412200E+00	
   -1.430620E+00	    3.412200E+00	
   -1.221658E+00	    3.412200E+00	
   -1.034585E+00	    3.412200E+00	
   -8.678370E-01	    3.412200E+00	
   -7.197819E-01	    3.412200E+00	
   -5.887769E-01	    3.412200E+00	
   -4.732123E-01	    3.412200E+00	
   -3.715427E-01	    3.412200E+00	
   -2.823094E-01	    3.412200E+00	
   -2.041542E-01	    3.412200E+00	
   -1.358267E-01	    3.412200E+00	
   -7.618632E-02	    3.412200E+00	
   -2.420112E-02	    3.412200E+00	
    2.420112E-02	    3.412200E+00	
    7.618632E-02	    3.412200E+00	
    1.358267E-01	    3.412200E+00	
    2.041542E-01	    3.412200E+00	
    2.823094E-01	    3.412200E+00	
    3.715427E-01	    3.412200E+00	
    4.732123E-01	    3.412200E+00	
    5.887769E-01	    3.412200E+00	
    7.197819E-01	    3.412200E+00	
    8.678370E-01	    3.412200E+00	
    1.034585E+00	    3.412200E+00	
    1.221658E+00	    3.412200E+00	
    1.430620E+00	    3.412200E+00	
    1.662902E+00	    3.412200E+00	
    1.919714E+00	    3.412200E+00	
    2.201958E+00	    3.412200E+00	
    2.510126E+00	    3.412200E+00	
    2.844202E+00	    3.412200E+00	
    3.203570E+00	    3.412200E+00	
    3.586939E+00	    3.412200E+00	
    3.992299E+00	    3.412200E+00	
    4.416909E+00	    3.412200E+00	
    4.857338E+00	    3.412200E+00	
    5.309549E+00	    3.412200E+00	
    5.769030E+00	    3.412200E+00	
    6.000000E+00	    3.412200E+00	
   -6.000000E+00	    3.492876E+00	
   -5.769030E+00	    3.492876E+00	
   -5.309549E+00	    3.492876E+00	
   -4.857338E+00	    3.492876E+00	
   -4.416909E+00	    3.492876E+00	
   -3.992299E+00	    3.492876E+00	
   -3.586939E+00	    3.492876E+00	
   -3.203570E+00	    3.492876E+00	
   -2.844202E+00	    3.492876E+00	
   -2.510126E+00	    3.492876E+00	
   -2.201958E+00	    3.492876E+00	
   -1.919714E+00	    3.492876E+00	
   -1.662902E+00	    3.492876E+00	
   -1.430620E+00	    3.492876E+00	
   -1.221658E+00	    3.492876E+00	
   -1.034585E+00	    3.492876E+00	
   -8.678370E-01	    3.492876E+00	
   -7.197819E-01	    3.492876E+00	
   -5.887769E-01	    3.492876E+00	
   -4.732123E-01	    3.492876E+00	
   -3.715427E-01	    3.492876E+00	
   -2.823094E-01	    3.492876E+00	
   -2.041542E-01	    3.492876E+00	
   -1.358267E-01	    3.492876E+00	
   -7.618632E-02	    3.492876E+00	
   -2.420112E-02	    3.492876E+00	
    2.420112E-02	    3.492876E+00	
    7.618632E-02	    3.492876E+00	
    1.358267E-01	    3.492876E+00	
    2.041542E-01	    3.492876E+00	
    2.823094E-01	    3.492876E+00	
    3.715427E-01	    3.492876E+00	
    4.732123E-01	    3.492876E+00	
    5.887769E-01	    3.492876E+00	
    7.197819E-01	    3.492876E+00	
    8.678370E-01	    3.492876E+00	
    1.034585E+00	    3.492876E+00	
    1.221658E+00	    3.492876E+00	
    1.430620E+00	    3.492876E+00	
    1.662902E+00	    3.492876E+00	
    1.919714E+00	    3.492876E+00	
    2.201958E+00	    3.492876E+00	
    2.510126E+00	    3.492876E+00	
    2.844202E+00	    3.492876E+00	
    3.203570E+00	    3.492876E+00	
    3.586939E+00	    3.492876E+00	
    3.992299E+00	    3.492876E+00	
    4.416909E+00	    3.492876E+00	
    4.857338E+00	    3.492876E+00	
    5.309549E+00	    3.492876E+00	
    5.769030E+00	    3.492876E+00	
    6.000000E+00	    3.492876E+00	
   -6.000000E+00	    3.586789E+00	
   -5.769030E+00	    3.586789E+00	
   -5.309549E+00	    3.586789E+00	
   -4.857338E+00	    3.586789E+00	
   -4.416909E+00	    3.586789E+00	
   -3.992299E+00	    3.586789E+00	
   -3.586939E+00	    3.586789E+00	
   -3.203570E+00	    3.586789E+00	
   -2.844202E+00	    3.586789E+00	
   -2.510126E+00	    3.586789E+00	
   -2.201958E+00	    3.586789E+00	
   -1.919714E+00	    3.586789E+00	
   -1.662902E+00	    3.586789E+00	
   -1.430620E+00	    3.586789E+00	
   -1.221658E+00	    3.586789E+00	
   -1.034585E+00	    3.586789E+00	
   -8.678370E-01	    3.586789E+00	
   -7.197819E-01	    3.586789E+00	
   -5.887769E-01	    3.586789E+00	
   -4.732123E-01	    3.586789E+00	
   -3.715427E-01	    3.586789E+00	
   -2.823094E-01	    3.586789E+00	
   -2.041542E-01	    3.586789E+00	
   -1.358267E-01	    3.586789E+00	
   -7.618632E-02	    3.586789E+00	
   -2.420112E-02	    3.586789E+00	
    2.420112E-02	    3.586789E+00	
    7.618632E-02	    3.586789E+00	
    1.358267E-01	    3.586789E+00	
    2.041542E-01	    3.586789E+00	
    2.823094E-01	    3.586789E+00	
    3.715427E-01	    3.586789E+00	
    4.732123E-01	    3.586789E+00	
    5.887769E-01	    3.586789E+00	
    7.197819E-01	    3.586789E+00	
    8.678370E-01	    3.586789E+00	
    1.034585E+00	    3.586789E+00	
    1.221658E+00	    3.586789E+00	
    1.430620E+00	    3.586789E+00	
    1.662902E+00	    3.586789E+00	
    1.919714E+00	    3.586789E+00	
    2.201958E+00	    3.586789E+00	
    2.510126E+00	    3.586789E+00	
    2.844202E+00	    3.586789E+00	
    3.203570E+00	    3.586789E+00	
    3.586939E+00	    3.586789E+00	
    3.992299E+00	    3.586789E+00	
    4.416909E+00	    3.586789E+00	
    4.857338E+00	    3.586789E+00	
    5.309549E+00	    3.586789E+00	
    5.769030E+00	    3.586789E+00	
    6.000000E+00	    3.586789E+00	
   -6.000000E+00	    3.692553E+00	
   -5.769030E+00	    3.692553E+00	
   -5.309549E+00	    3.692553E+00	
   -4.857338E+00	    3.692553E+00	
   -4.416909E+00	    3.692553E+00	
   -3.992299E+00	    3.692553E+00	
   -3.586939E+00	    3.692553E+00	
   -3.203570E+00	    3.692553E+00	
   -2.844202E+00	    3.692553E+00	
   -2.510126E+00	    3.692553E+00	
   -2.201958E+00	    3.692553E+00	
   -1.919714E+00	    3.692553E+00	
   -1.662902E+00	    3.692553E+00	
   -1.430620E+00	    3.692553E+00	
   -1.221658E+00	    3.692553E+00	
   -1.034585E+00	    3.692553E+00	
   -8.678370E-01	    3.692553E+00	
   -7.197819E-01	    3.692553E+00	
   -5.887769E-01	    3.692553E+00	
   -4.732123E-01	    3.692553E+00	
   -3.715427E-01	    3.692553E+00	
   -2.823094E-01	    3.692553E+00	
   -2.041542E-01	    3.692553E+00	
   -1.358267E-01	    3.692553E+00	
   -7.618632E-02	    3.692553E+00	
   -2.420112E-02	    3.692553E+00	
    2.420112E-02	    3.692553E+00	
    7.618632E-02	    3.692553E+00	
    1.358267E-01	    3.692553E+00	
    2.041542E-01	    3.692553E+00	
    2.823094E-01	    3.692553E+00	
    3.715427E-01	    3.692553E+00	
    4.732123E-01	    3.692553E+00	
    5.887769E-01	    3.692553E+00	
    7.197819E-01	    3.692553E+00	
    8.678370E-01	    3.692553E+00	
    1.034585E+00	    3.692553E+00	
    1.221658E+00	    3.692553E+00	
    1.430620E+00	    3.692553E+00	
    1.662902E+00	    3.692553E+00	
    1.919714E+00	    3.692553E+00	
    2.201958E+00	    3.692553E+00	
    2.510126E+00	    3.692553E+00	
    2.844202E+00	    3.692553E+00	
    3.203570E+00	    3.692553E+00	
    3.586939E+00	    3.692553E+00	
    3.992299E+00	    3.692553E+00	
    4.416909E+00	    3.692553E+00	
    4.857338E+00	    3.692553E+00	
    5.309549E+00	    3.692553E+00	
    5.769030E+00	    3.692553E+00	
    6.000000E+00	    3.692553E+00	
   -6.000000E+00	    3.807329E+00	
   -5.769030E+00	    3.807329E+00	
   -5.309549E+00	    3.807329E+00	
   -4.857338E+00	    3.807329E+00	
   -4.416909E+00	    3.807329E+00	
   -3.992299E+00	    3.807329E+00	
   -3.586939E+00	    3.807329E+00	
   -3.203570E+00	    3.807329E+00	
   -2.844202E+00	    3.807329E+00	
   -2.510126E+00	    3.807329E+00	
   -2.201958E+00	    3.807329E+00	
   -1.919714E+00	    3.807329E+00	
   -1.662902E+00	    3.807329E+00	
   -1.430620E+00	    3.807329E+00	
   -1.221658E+00	    3.807329E+00	
   -1.034585E+00	    3.807329E+00	
   -8.678370E-01	    3.807329E+00	
   -7.197819E-01	    3.807329E+00	
   -5.887769E-01	    3.807329E+00	
   -4.732123E-01	    3.807329E+00	
   -3.715427E-01	    3.807329E+00	
   -2.823094E-01	    3.807329E+00	
   -2.041542E-01	    3.807329E+00	
   -1.358267E-01	    3.807329E+00	
   -7.618632E-02	    3.807329E+00	
   -2.420112E-02	    3.807329E+00	
    2.420112E-02	    3.807329E+00	
    7.618632E-02	    3.807329E+00	
    1.358267E-01	    3.807329E+00	
    2.041542E-01	    3.807329E+00	
    2.823094E-01	    3.807329E+00	
    3.715427E-01	    3.807329E+00	
    4.732123E-01	    3.807329E+00	
    5.887769E-01	    3.807329E+00	
    7.197819E-01	    3.807329E+00	
    8.678370E-01	    3.807329E+00	
    1.034585E+00	    3.807329E+00	
    1.221658E+00	    3.807329E+00	
    1.430620E+00	    3.807329E+00	
    1.662902E+00	    3.807329E+00	
    1.919714E+00	    3.807329E+00	
    2.201958E+00	    3.807329E+00	
    2.510126E+00	    3.807329E+00	
    2.844202E+00	    3.807329E+00	
    3.203570E+00	    3.807329E+00	
    3.586939E+00	    3.807329E+00	
    3.992299E+00	    3.807329E+00	
    4.416909E+00	    3.807329E+00	
    4.857338E+00	    3.807329E+00	
    5.309549E+00	    3.807329E+00	
    5.769030E+00	    3.807329E+00	
    6.000000E+00	    3.807329E+00	
   -6.000000E+00	    3.926991E+00	
   -5.769030E+00	    3.926991E+00	
   -5.309549E+00	    3.926991E+00	
   -4.857338E+00	    3.926991E+00	
   -4.416909E+00	    3.926991E+00	
   -3.992299E+00	    3.926991E+00	
   -3.586939E+00	    3.926991E+00	
   -3.203570E+00	    3.926991E+00	
   -2.844202E+00	    3.926991E+00	
   -2.510126E+00	    3.926991E+00	
   -2.201958E+00	    3.926991E+00	
   -1.919714E+00	    3.926991E+00	
   -1.662902E+00	    3.926991E+00	
   -1.430620E+00	    3.926991E+00	
   -1.221658E+00	    3.926991E+00	
   -1.034585E+00	    3.926991E+00	
   -8.678370E-01	    3.926991E+00	
   -7.197819E-01	    3.926991E+00	
   -5.887769E-01	    3.926991E+00	
   -4.732123E-01	    3.926991E+00	
   -3.715427E-01	    3.926991E+00	
   -2.823094E-01	    3.926991E+00	
   -2.041542E-01	    3.926991E+00	
   -1.358267E-01	    3.926991E+00	
   -7.618632E-02	    3.926991E+00	
   -2.420112E-02	    3.926991E+00	
    2.420112E-02	    3.926991E+00	
    7.618632E-02	    3.926991E+00	
    1.358267E-01	    3.926991E+00	
    2.041542E-01	    3.926991E+00	
    2.823094E-01	    3.926991E+00	
    3.715427E-01	    3.926991E+00	
    4.732123E-01	    3.926991E+00	
    5.887769E-01	    3.926991E+00	
    7.197819E-01	    3.926991E+00	
    8.678370E-01	    3.926991E+00	
    1.034585E+00	    3.926991E+00	
    1.221658E+00	    3.926991E+00	
    1.430620E+00	    3.926991E+00	
    1.662902E+00	    3.926991E+00	
    1.919714E+00	    3.926991E+00	
    2.201958E+00	    3.926991E+00	
    2.510126E+00	    3.926991E+00	
    2.844202E+00	    3.926991E+00	
    3.203570E+00	    3.926991E+00	
    3.586939E+00	    3.926991E+00	
    3.992299E+00	    3.926991E+00	
    4.416909E+00	    3.926991E+00	
    4.857338E+00	    3.926991E+00	
    5.309549E+00	    3.926991E+00	
    5.769030E+00	    3.926991E+00	
    6.000000E+00	    3.926991E+00	
   -6.000000E+00	    4.046653E+00	
   -5.769030E+00	    4.046653E+00	
   -5.309549E+00	    4.046653E+00	
   -4.857338E+00	    4.046653E+00	
   -4.416909E+00	    4.046653E+00	
   -3.992299E+00	    4.046653E+00	
   -3.586939E+00	    4.046653E+00	
   -3.203570E+00	    4.046653E+00	
   -2.844202E+00	    4.046653E+00	
   -2.510126E+00	    4.046653E+00	
   -2.201958E+00	    4.046653E+00	
   -1.919714E+00	    4.046653E+00	
   -1.662902E+00	    4.046653E+00	
   -1.430620E+00	    4.046653E+00	
   -1.221658E+00	    4.046653E+00	
   -1.034585E+00	    4.046653E+00	
   -8.678370E-01	    4.046653E+00	
   -7.197819E-01	    4.046653E+00	
   -5.887769E-01	    4.046653E+00	
   -4.732123E-01	    4.046653E+00	
   -3.715427E-01	    4.046653E+00	
   -2.823094E-01	    4.046653E+00	
   -2.041542E-01	    4.046653E+00	
   -1.358267E-01	    4.046653E+00	
   -7.618632E-02	    4.046653E+00	
   -2.420112E-02	    4.046653E+00	
    2.420112E-02	    4.046653E+00	
    7.618632E-02	    4.046653E+00	
    1.358267E-01	    4.046653E+00	
    2.041542E-01	    4.046653E+00	
    2.823094E-01	    4.046653E+00	
    3.715427E-01	    4.046653E+00	
    4.732123E-01	    4.046653E+00	
    5.887769E-01	    4.046653E+00	
    7.197819E-01	    4.046653E+00	
    8.678370E-01	    4.046653E+00	
    1.034585E+00	    4.046653E+00	
    1.221658E+00	    4.046653E+00	
    1.430620E+00	    4.046653E+00	
    1.662902E+00	    4.046653E+00	
    1.919714E+00	    4.046653E+00	
    2.201958E+00	    4.046653E+00	
    2.510126E+00	    4.046653E+00	
    2.844202E+00	    4.046653E+00	
    3.203570E+00	    4.046653E+00	
    3.586939E+00	    4.046653E+00	
    3.992299E+00	    4.046653E+00	
    4.416909E+00	    4.046653E+00	
    4.857338E+00	    4.046653E+00	
    5.309549E+00	    4.046653E+00	
    5.769030E+00	    4.046653E+00	
    6.000000E+00	    4.046653E+00	
   -6.000000E+00	    4.161428E+00	
   -5.769030E+00	    4.161428E+00	
   -5.309549E+00	    4.161428E+00	
   -4.857338E+00	    4.161428E+00	
   -4.416909E+00	    4.161428E+00	
   -3.992299E+00	    4.161428E+00	
   -3.586939E+00	    4.161428E+00	
   -3.203570E+00	    4.161428E+00	
   -2.844202E+00	    4.161428E+00	
   -2.510126E+00	    4.161428E+00	
   -2.201958E+00	    4.161428E+00	
   -1.919714E+00	    4.161428E+00	
   -1.662902E+00	    4.161428E+00	
   -1.430620E+00	    4.161428E+00	
   -1.221658E+00	    4.161428E+00	
   -1.034585E+00	    4.161428E+00	
   -8.678370E-01	    4.161428E+00	
   -7.197819E-01	    4.161428E+00	
   -5.887769E-01	    4.161428E+00	
   -4.732123E-01	    4.161428E+00	
   -3.715427E-01	    4.161428E+00	
   -2.823094E-01	    4.161428E+00	
   -2.041542E-01	    4.161428E+00	
   -1.358267E-01	    4.161428E+00	
   -7.618632E-02	    4.161428E+00	
   -2.420112E-02	    4.161428E+00	
    2.420112E-02	    4.161428E+00	
    7.618632E-02	    4.161428E+00	
    1.358267E-01	    4.161428E+00	
    2.041542E-01	    4.161428E+00	
    2.823094E-01	    4.161428E+00	
    3.715427E-01	    4.161428E+00	
    4.732123E-01	    4.161428E+00	
    5.887769E-01	    4.161428E+00	
    7.197819E-01	    4.161428E+00	
    8.678370E-01	    4.161428E+00	
    1.034585E+00	    4.161428E+00	
    1.221658E+00	    4.161428E+00	
    1.430620E+00	    4.161428E+00	
    1.662902E+00	    4.161428E+00	
    1.919714E+00	    4.161428E+00	
    2.201958E+00	    4.161428E+00	
    2.510126E+00	    4.161428E+00	
    2.844202E+00	    4.161428E+00	
    3.203570E+00	    4.161428E+00	
    3.586939E+00	    4.161428E+00	
    3.992299E+00	    4.161428E+00	
    4.416909E+00	    4.161428E+00	
    4.857338E+00	    4.161428E+00	
    5.309549E+00	    4.161428E+00	
    5.769030E+00	    4.161428E+00	
    6.000000E+00	    4.161428E+00	
   -6.000000E+00	    4.267193E+00	
   -5.769030E+00	    4.267193E+00	
   -5.309549E+00	    4.267193E+00	
   -4.857338E+00	    4.267193E+00	
   -4.416909E+00	    4.267193E+00	
   -3.992299E+00	    4.267193E+00	
   -3.586939E+00	    4.267193E+00	
   -3.203570E+00	    4.267193E+00	
   -2.844202E+00	    4.267193E+00	
   -2.510126E+00	    4.267193E+00	
   -2.201958E+00	    4.267193E+00	
   -1.919714E+00	    4.267193E+00	
   -1.662902E+00	    4.267193E+00	
   -1.430620E+00	    4.267193E+00	
   -1.221658E+00	    4.267193E+00	
   -1.034585E+00	    4.267193E+00	
   -8.678370E-01	    4.267193E+00	
   -7.197819E-01	    4.267193E+00	
   -5.887769E-01	    4.267193E+00	
   -4.732123E-01	    4.267193E+00	
   -3.715427E-01	    4.267193E+00	
   -2.823094E-01	    4.267193E+00	
   -2.041542E-01	    4.267193E+00	
   -1.358267E-01	    4.267193E+00	
   -7.618632E-02	    4.267193E+00	
   -2.420112E-02	    4.267193E+00	
    2.420112E-02	    4.267193E+00	
    7.618632E-02	    4.267193E+00	
    1.358267E-01	    4.267193E+00	
    2.041542E-01	    4.267193E+00	
    2.823094E-01	    4.267193E+00	
    3.715427E-01	    4.267193E+00	
    4.732123E-01	    4.267193E+00	
    5.887769E-01	    4.267193E+00	
    7.197819E-01	    4.267193E+00	
    8.678370E-01	    4.267193E+00	
    1.034585E+00	    4.267193E+00	
    1.221658E+00	    4.267193E+00	
    1.430620E+00	    4.267193E+00	
    1.662902E+00	    4.267193E+00	
    1.919714E+00	    4.267193E+00	
    2.201958E+00	    4.267193E+00	
    2.510126E+00	    4.267193E+00	
    2.844202E+00	    4.267193E+00	
    3.203570E+00	    4.267193E+00	
    3.586939E+00	    4.267193E+00	
    3.992299E+00	    4.267193E+00	
    4.416909E+00	    4.267193E+00	
    4.857338E+00	    4.267193E+00	
    5.309549E+00	    4.267193E+00	
    5.769030E+00	    4.267193E+00	
    6.000000E+00	    4.267193E+00	
   -6.000000E+00	    4.361106E+00	
   -5.769030E+00	    4.361106E+00	
   -5.309549E+00	    4.361106E+00	
   -4.857338E+00	    4.361106E+00	
   -4.416909E+00	    4.361106E+00	
   -3.992299E+00	    4.361106E+00	
   -3.586939E+00	    4.361106E+00	
   -3.203570E+00	    4.361106E+00	
   -2.844202E+00	    4.361106E+00	
   -2.510126E+00	    4.361106E+00	
   -2.201958E+00	    4.361106E+00	
   -1.919714E+00	    4.361106E+00	
   -1.662902E+00	    4.361106E+00	
   -1.430620E+00	    4.361106E+00	
   -1.221658E+00	    4.361106E+00	
   -1.034585E+00	    4.361106E+00	
   -8.678370E-01	    4.361106E+00	
   -7.197819E-01	    4.361106E+00	
   -5.887769E-01	    4.361106E+00	
   -4.732123E-01	    4.361106E+00	
   -3.715427E-01	    4.361106E+00	
   -2.823094E-01	    4.361106E+00	
   -2.041542E-01	    4.361106E+00	
   -1.358267E-01	    4.361106E+00	
   -7.618632E-02	    4.361106E+00	
   -2.420112E-02	    4.361106E+00	
    2.420112E-02	    4.361106E+00	
    7.618632E-02	    4.361106E+00	
    1.358267E-01	    4.361106E+00	
    2.041542E-01	    4.361106E+00	
    2.823094E-01	    4.361106E+00	
    3.715427E-01	    4.361106E+00	
    4.732123E-01	    4.361106E+00	
    5.887769E-01	    4.361106E+00	
    7.197819E-01	    4.361106E+00	
    8.678370E-01	    4.361106E+00	
    1.034585E+00	    4.361106E+00	
    1.221658E+00	    4.361106E+00	
    1.430620E+00	    4.361106E+00	
    1.662902E+00	    4.361106E+00	
    1.919714E+00	    4.361106E+00	
    2.201958E+00	    4.361106E+00	
    2.510126E+00	    4.361106E+00	
    2.844202E+00	    4.361106E+00	
    3.203570E+00	    4.361106E+00	
    3.586939E+00	    4.361106E+00	
    3.992299E+00	    4.361106E+00	
    4.416909E+00	    4.361106E+00	
    4.857338E+00	    4.361106E+00	
    5.309549E+00	    4.361106E+00	
    5.769030E+00	    4.361106E+00	
    6.000000E+00	    4.361106E+00	
   -6.000000E+00	    4.441782E+00	
   -5.769030E+00	    4.441782E+00	
   -5.309549E+00	    4.441782E+00	
   -4.857338E+00	    4.441782E+00	
   -4.416909E+00	    4.441782E+00	
   -3.992299E+00	    4.441782E+00	
   -3.586939E+00	    4.441782E+00	
   -3.203570E+00	    4.441782E+00	
   -2.844202E+00	    4.441782E+00	
   -2.510126E+00	    4.441782E+00	
   -2.201958E+00	    4.441782E+00	
   -1.919714E+00	    4.441782E+00	
   -1.662902E+00	    4.441782E+00	
   -1.430620E+00	    4.441782E+00	
   -1.221658E+00	    4.441782E+00	
   -1.034585E+00	    4.441782E+00	
   -8.678370E-01	    4.441782E+00	
   -7.197819E-01	    4.441782E+00	
   -5.887769E-01	    4.441782E+00	
   -4.732123E-01	    4.441782E+00	
   -3.715427E-01	    4.441782E+00	
   -2.823094E-01	    4.441782E+00	
   -2.041542E-01	    4.441782E+00	
   -1.358267E-01	    4.441782E+00	
   -7.618632E-02	    4.441782E+00	
   -2.420112E-02	    4.441782E+00	
    2.420112E-02	    4.441782E+00	
    7.618632E-02	    4.441782E+00	
    1.358267E-01	    4.441782E+00	
    2.041542E-01	    4.441782E+00	
    2.823094E-01	    4.441782E+00	
    3.715427E-01	    4.441782E+00	
    4.732123E-01	    4.441782E+00	
    5.887769E-01	    4.441782E+00	
    7.197819E-01	    4.441782E+00	
    8.678370E-01	    4.441782E+00	
    1.034585E+00	    4.441782E+00	
    1.221658E+00	    4.441782E+00	
    1.430620E+00	    4.441782E+00	
    1.662902E+00	    4.441782E+00	
    1.919714E+00	    4.441782E+00	
    2.201958E+00	    4.441782E+00	
    2.510126E+00	    4.441782E+00	
    2.844202E+00	    4.441782E+00	
    3.203570E+00	    4.441782E+00	
    3.586939E+00	    4.441782E+00	
    3.992299E+00	    4.441782E+00	
    4.416909E+00	    4.441782E+00	
    4.857338E+00	    4.441782E+00	
    5.309549E+00	    4.441782E+00	
    5.769030E+00	    4.441782E+00	
    6.000000E+00	    4.441782E+00	
   -6.000000E+00	    4.509133E+00	
   -5.769030E+00	    4.509133E+00	
   -5.309549E+00	    4.509133E+00	
   -4.857338E+00	    4.509133E+00	
   -4.416909E+00	    4.509133E+00	
   -3.992299E+00	    4.509133E+00	
   -3.586939E+00	    4.509133E+00	
   -3.203570E+00	    4.509133E+00	
   -2.844202E+00	    4.509133E+00	
   -2.510126E+00	    4.509133E+00	
   -2.201958E+00	    4.509133E+00	
   -1.919714E+00	    4.509133E+00	
   -1.662902E+00	    4.509133E+00	
   -1.430620E+00	    4.509133E+00	
   -1.221658E+00	    4.509133E+00	
   -1.034585E+00	    4.509133E+00	
   -8.678370E-01	    4.509133E+00	
   -7.197819E-01	    4.509133E+00	
   -5.887769E-01	    4.509133E+00	
   -4.732123E-01	    4.509133E+00	
   -3.715427E-01	    4.509133E+00	
   -2.823094E-01	    4.509133E+00	
   -2.041542E-01	    4.509133E+00	
   -1.358267E-01	    4.509133E+00	
   -7.618632E-02	    4.509133E+00	
   -2.420112E-02	    4.509133E+00	
    2.420112E-02	    4.509133E+00	
    7.618632E-02	    4.509133E+00	
    1.358267E-01	    4.509133E+00	
    2.041542E-01	    4.509133E+00	
    2.823094E-01	    4.509133E+00	
    3.715427E-01	    4.509133E+00	
    4.732123E-01	    4.509133E+00	
    5.887769E-01	    4.509133E+00	
    7.197819E-01	    4.509133E+00	
    8.678370E-01	    4.509133E+00	
    1.034585E+00	    4.509133E+00	
    1.221658E+00	    4.509133E+00	
    1.430620E+00	    4.509133E+00	
    1.662902E+00	    4.509133E+00	
    1.919714E+00	    4.509133E+00	
    2.201958E+00	    4.509133E+00	
    2.510126E+00	    4.509133E+00	
    2.844202E+00	    4.509133E+00	
    3.203570E+00	    4.509133E+00	
    3.586939E+00	    4.509133E+00	
    3.992299E+00	    4.509133E+00	
    4.416909E+00	    4.509133E+00	
    4.857338E+00	    4.509133E+00	
    5.309549E+00	    4.509133E+00	
    5.769030E+00	    4.509133E+00	
    6.000000E+00	    4.509133E+00	
   -6.000000E+00	    4.564027E+00	
   -5.769030E+00	    4.564027E+00	
   -5.309549E+00	    4.564027E+00	
   -4.857338E+00	    4.564027E+00	
   -4.416909E+00	    4.564027E+00	
   -3.992299E+00	    4.564027E+00	
   -3.586939E+00	    4.564027E+00	
   -3.203570E+00	    4.564027E+00	
   -2.844202E+00	    4.564027E+00	
   -2.510126E+00	    4.564027E+00	
   -2.201958E+00	    4.564027E+00	
   -1.919714E+00	    4.564027E+00	
   -1.662902E+00	    4.564027E+00	
   -1.430620E+00	    4.564027E+00	
   -1.221658E+00	    4.564027E+00	
   -1.034585E+00	    4.564027E+00	
   -8.678370E-01	    4.564027E+00	
   -7.197819E-01	    4.564027E+00	
   -5.887769E-01	    4.564027E+00	
   -4.732123E-01	    4.564027E+00	
   -3.715427E-01	    4.564027E+00	
   -2.823094E-01	    4.564027E+00	
   -2.041542E-01	    4.564027E+00	
   -1.358267E-01	    4.564027E+00	
   -7.618632E-02	    4.564027E+00	
   -2.420112E-02	    4.564027E+00	
    2.420112E-02	    4.564027E+00	
    7.618632E-02	    4.564027E+00	
    1.358267E-01	    4.564027E+00	
    2.041542E-01	    4.564027E+00	
    2.823094E-01	    4.564027E+00	
    3.715427E-01	    4.564027E+00	
    4.732123E-01	    4.564027E+00	
    5.887769E-01	    4.564027E+00	
    7.197819E-01	    4.564027E+00	
    8.678370E-01	    4.564027E+00	
    1.034585E+00	    4.564027E+00	
    1.221658E+00	    4.564027E+00	
    1.430620E+00	    4.564027E+00	
    1.662902E+00	    4.564027E+00	
    1.919714E+00	    4.564027E+00	
    2.201958E+00	    4.564027E+00	
    2.510126E+00	    4.564027E+00	
    2.844202E+00	    4.564027E+00	
    3.203570E+00	    4.564027E+00	
    3.586939E+00	    4.564027E+00	
    3.992299E+00	    4.564027E+00	
    4.416909E+00	    4.564027E+00	
    4.857338E+00	    4.564027E+00	
    5.309549E+00	    4.564027E+00	
    5.769030E+00	    4.564027E+00	
    6.000000E+00	    4.564027E+00	
   -6.000000E+00	    4.607895E+00	
   -5.769030E+00	    4.607895E+00	
   -5.309549E+00	    4.607895E+00	
   -4.857338E+00	    4.607895E+00	
   -4.416909E+00	    4.607895E+00	
   -3.992299E+00	    4.607895E+00	
   -3.586939E+00	    4.607895E+00	
   -3.203570E+00	    4.607895E+00	
   -2.844202E+00	    4.607895E+00	
   -2.510126E+00	    4.607895E+00	
   -2.201958E+00	    4.607895E+00	
   -1.919714E+00	    4.607895E+00	
   -1.662902E+00	    4.607895E+00	
   -1.430620E+00	    4.607895E+00	
   -1.221658E+00	    4.607895E+00	
   -1.034585E+00	    4.607895E+00	
   -8.678370E-01	    4.607895E+00	
   -7.197819E-01	    4.607895E+00	
   -5.887769E-01	    4.607895E+00	
   -4.732123E-01	    4.607895E+00	
   -3.715427E-01	    4.607895E+00	
   -2.823094E-01	    4.607895E+00	
   -2.041542E-01	    4.607895E+00	
   -1.358267E-01	    4.607895E+00	
   -7.618632E-02	    4.607895E+00	
   -2.420112E-02	    4.607895E+00	
    2.420112E-02	    4.607895E+00	
    7.618632E-02	    4.607895E+00	
    1.358267E-01	    4.607895E+00	
    2.041542E-01	    4.607895E+00	
    2.823094E-01	    4.607895E+00	
    3.715427E-01	    4.607895E+00	
    4.732123E-01	    4.607895E+00	
    5.887769E-01	    4.607895E+00	
    7.197819E-01	    4.607895E+00	
    8.678370E-01	    4.607895E+00	
    1.034585E+00	    4.607895E+00	
    1.221658E+00	    4.607895E+00	
    1.430620E+00	    4.607895E+00	
    1.662902E+00	    4.607895E+00	
    1.919714E+00	    4.607895E+00	
    2.201958E+00	    4.607895E+00	
    2.510126E+00	    4.607895E+00	
    2.844202E+00	    4.607895E+00	
    3.203570E+00	    4.607895E+00	
    3.586939E+00	    4.607895E+00	
    3.992299E+00	    4.607895E+00	
    4.416909E+00	    4.607895E+00	
    4.857338E+00	    4.607895E+00	
    5.309549E+00	    4.607895E+00	
    5.769030E+00	    4.607895E+00	
    6.000000E+00	    4.607895E+00	
   -6.000000E+00	    4.642403E+00	
   -5.769030E+00	    4.642403E+00	
   -5.309549E+00	    4.642403E+00	
   -4.857338E+00	    4.642403E+00	
   -4.416909E+00	    4.642403E+00	
   -3.992299E+00	    4.642403E+00	
   -3.586939E+00	    4.642403E+00	
   -3.203570E+00	    4.642403E+00	
   -2.844202E+00	    4.642403E+00	
   -2.510126E+00	    4.642403E+00	
   -2.201958E+00	    4.642403E+00	
   -1.919714E+00	    4.642403E+00	
   -1.662902E+00	    4.642403E+00	
   -1.430620E+00	    4.642403E+00	
   -1.221658E+00	    4.642403E+00	
   -1.034585E+00	    4.642403E+00	
   -8.678370E-01	    4.642403E+00	
   -7.197819E-01	    4.642403E+00	
   -5.887769E-01	    4.642403E+00	
   -4.732123E-01	    4.642403E+00	
   -3.715427E-01	    4.642403E+00	
   -2.823094E-01	    4.642403E+00	
   -2.041542E-01	    4.642403E+00	
   -1.358267E-01	    4.642403E+00	
   -7.618632E-02	    4.642403E+00	
   -2.420112E-02	    4.642403E+00	
    2.420112E-02	    4.642403E+00	
    7.618632E-02	    4.642403E+00	
    1.358267E-01	    4.642403E+00	
    2.041542E-01	    4.642403E+00	
    2.823094E-01	    4.642403E+00	
    3.715427E-01	    4.642403E+00	
    4.732123E-01	    4.642403E+00	
    5.887769E-01	    4.642403E+00	
    7.197819E-01	    4.642403E+00	
    8.678370E-01	    4.642403E+00	
    1.034585E+00	    4.642403E+00	
    1.221658E+00	    4.642403E+00	
    1.430620E+00	    4.642403E+00	
    1.662902E+00	    4.642403E+00	
    1.919714E+00	    4.642403E+00	
    2.201958E+00	    4.642403E+00	
    2.510126E+00	    4.642403E+00	
    2.844202E+00	    4.642403E+00	
    3.203570E+00	    4.642403E+00	
    3.586939E+00	    4.642403E+00	
    3.992299E+00	    4.642403E+00	
    4.416909E+00	    4.642403E+00	
    4.857338E+00	    4.642403E+00	
    5.309549E+00	    4.642403E+00	
    5.769030E+00	    4.642403E+00	
    6.000000E+00	    4.642403E+00	
   -6.000000E+00	    4.669211E+00	
   -5.769030E+00	    4.669211E+00	
   -5.309549E+00	    4.669211E+00	
   -4.857338E+00	    4.669211E+00	
   -4.416909E+00	    4.669211E+00	
   -3.992299E+00	    4.669211E+00	
   -3.586939E+00	    4.669211E+00	
   -3.203570E+00	    4.669211E+00	
   -2.844202E+00	    4.669211E+00	
   -2.510126E+00	    4.669211E+00	
   -2.201958E+00	    4.669211E+00	
   -1.919714E+00	    4.669211E+00	
   -1.662902E+00	    4.669211E+00	
   -1.430620E+00	    4.669211E+00	
   -1.221658E+00	    4.669211E+00	
   -1.034585E+00	    4.669211E+00	
   -8.678370E-01	    4.669211E+00	
   -7.197819E-01	    4.669211E+00	
   -5.887769E-01	    4.669211E+00	
   -4.732123E-01	    4.669211E+00	
   -3.715427E-01	    4.669211E+00	
   -2.823094E-01	    4.669211E+00	
   -2.041542E-01	    4.669211E+00	
   -1.358267E-01	    4.669211E+00	
   -7.618632E-02	    4.669211E+00	
   -2.420112E-02	    4.669211E+00	
    2.420112E-02	    4.669211E+00	
    7.618632E-02	    4.669211E+00	
    1.358267E-01	    4.669211E+00	
    2.041542E-01	    4.669211E+00	
    2.823094E-01	    4.669211E+00	
    3.715427E-01	    4.669211E+00	
    4.732123E-01	    4.669211E+00	
    5.887769E-01	    4.669211E+00	
    7.197819E-01	    4.669211E+00	
    8.678370E-01	    4.669211E+00	
    1.034585E+00	    4.669211E+00	
    1.221658E+00	    4.669211E+00	
    1.430620E+00	    4.669211E+00	
    1.662902E+00	    4.669211E+00	
    1.919714E+00	    4.669211E+00	
    2.201958E+00	    4.669211E+00	
    2.510126E+00	    4.669211E+00	
    2.844202E+00	    4.669211E+00	
    3.203570E+00	    4.669211E+00	
    3.586939E+00	    4.669211E+00	
    3.992299E+00	    4.669211E+00	
    4.416909E+00	    4.669211E+00	
    4.857338E+00	    4.669211E+00	
    5.309549E+00	    4.669211E+00	
    5.769030E+00	    4.669211E+00	
    6.000000E+00	    4.669211E+00	
   -6.000000E+00	    4.689835E+00	
   -5.769030E+00	    4.689835E+00	
   -5.309549E+00	    4.689835E+00	
   -4.857338E+00	    4.689835E+00	
   -4.416909E+00	    4.689835E+00	
   -3.992299E+00	    4.689835E+00	
   -3.586939E+00	    4.689835E+00	
   -3.203570E+00	    4.689835E+00	
   -2.844202E+00	    4.689835E+00	
   -2.510126E+00	    4.689835E+00	
   -2.201958E+00	    4.689835E+00	
   -1.919714E+00	    4.689835E+00	
   -1.662902E+00	    4.689835E+00	
   -1.430620E+00	    4.689835E+00	
   -1.221658E+00	    4.689835E+00	
   -1.034585E+00	    4.689835E+00	
   -8.678370E-01	    4.689835E+00	
   -7.197819E-01	    4.689835E+00	
   -5.887769E-01	    4.689835E+00	
   -4.732123E-01	    4.689835E+00	
   -3.715427E-01	    4.689835E+00	
   -2.823094E-01	    4.689835E+00	
   -2.041542E-01	    4.689835E+00	
   -1.358267E-01	    4.689835E+00	
   -7.618632E-02	    4.689835E+00	
   -2.420112E-02	    4.689835E+00	
    2.420112E-02	    4.689835E+00	
    7.618632E-02	    4.689835E+00	
    1.358267E-01	    4.689835E+00	
    2.041542E-01	    4.689835E+00	
    2.823094E-01	    4.689835E+00	
    3.715427E-01	    4.689835E+00	
    4.732123E-01	    4.689835E+00	
    5.887769E-01	    4.689835E+00	
    7.197819E-01	    4.689835E+00	
    8.678370E-01	    4.689835E+00	
    1.034585E+00	    4.689835E+00	
    1.221658E+00	    4.689835E+00	
    1.430620E+00	    4.689835E+00	
    1.662902E+00	    4.689835E+00	
    1.919714E+00	    4.689835E+00	
    2.201958E+00	    4.689835E+00	
    2.510126E+00	    4.689835E+00	
    2.844202E+00	    4.689835E+00	
    3.203570E+00	    4.689835E+00	
    3.586939E+00	    4.689835E+00	
    3.992299E+00	    4.689835E+00	
    4.416909E+00	    4.689835E+00	
    4.857338E+00	    4.689835E+00	
    5.309549E+00	    4.689835E+00	
    5.769030E+00	    4.689835E+00	
    6.000000E+00	    4.689835E+00	
   -6.000000E+00	    4.705584E+00	
   -5.769030E+00	    4.705584E+00	
   -5.309549E+00	    4.705584E+00	
   -4.857338E+00	    4.705584E+00	
   -4.416909E+00	    4.705584E+00	
   -3.992299E+00	    4.705584E+00	
   -3.586939E+00	    4.705584E+00	
   -3.203570E+00	    4.705584E+00	
   -2.844202E+00	    4.705584E+00	
   -2.510126E+00	    4.705584E+00	
   -2.201958E+00	    4.705584E+00	
   -1.919714E+00	    4.705584E+00	
   -1.662902E+00	    4.705584E+00	
   -1.430620E+00	    4.705584E+00	
   -1.221658E+00	    4.705584E+00	
   -1.034585E+00	    4.705584E+00	
   -8.678370E-01	    4.705584E+00	
   -7.197819E-01	    4.705584E+00	
   -5.887769E-01	    4.705584E+00	
   -4.732123E-01	    4.705584E+00	
   -3.715427E-01	    4.705584E+00	
   -2.823094E-01	    4.705584E+00	
   -2.041542E-01	    4.705584E+00	
   -1.358267E-01	    4.705584E+00	
   -7.618632E-02	    4.705584E+00	
   -2.420112E-02	    4.705584E+00	
    2.420112E-02	    4.705584E+00	
    7.618632E-02	    4.705584E+00	
    1.358267E-01	    4.705584E+00	
    2.041542E-01	    4.705584E+00	
    2.823094E-01	    4.705584E+00	
    3.715427E-01	    4.705584E+00	
    4.732123E-01	    4.705584E+00	
    5.887769E-01	    4.705584E+00	
    7.197819E-01	    4.705584E+00	
    8.678370E-01	    4.705584E+00	
    1.034585E+00	    4.705584E+00	
    1.221658E+00	    4.705584E+00	
    1.430620E+00	    4.705584E+00	
    1.662902E+00	    4.705584E+00	
    1.919714E+00	    4.705584E+00	
    2.201958E+00	    4.705584E+00	
    2.510126E+00	    4.705584E+00	
    2.844202E+00	    4.705584E+00	
    3.203570E+00	    4.705584E+00	
    3.586939E+00	    4.705584E+00	
    3.992299E+00	    4.705584E+00	
    4.416909E+00	    4.705584E+00	
    4.857338E+00	    4.705584E+00	
    5.309549E+00	    4.705584E+00	
    5.769030E+00	    4.705584E+00	
    6.000000E+00	    4.705584E+00	
   -6.000000E+00	    4.712389E+00	
   -5.769030E+00	    4.712389E+00	
   -5.309549E+00	    4.712389E+00	
   -4.857338E+00	    4.712389E+00	
   -4.416909E+00	    4.712389E+00	
   -3.992299E+00	    4.712389E+00	
   -3.586939E+00	    4.712389E+00	
   -3.203570E+00	    4.712389E+00	
   -2.844202E+00	    4.712389E+00	
   -2.510126E+00	    4.712389E+00	
   -2.201958E+00	    4.712389E+00	
   -1.919714E+00	    4.712389E+00	
   -1.662902E+00	    4.712389E+00	
   -1.430620E+00	    4.712389E+00	
   -1.221658E+00	    4.712389E+00	
   -1.034585E+00	    4.712389E+00	
   -8.678370E-01	    4.712389E+00	
   -7.197819E-01	    4.712389E+00	
   -5.887769E-01	    4.712389E+00	
   -4.732123E-01	    4.712389E+00	
   -3.715427E-01	    4.712389E+00	
   -2.823094E-01	    4.712389E+00	
   -2.041542E-01	    4.712389E+00	
   -1.358267E-01	    4.712389E+00	
   -7.618632E-02	    4.712389E+00	
   -2.420112E-02	    4.712389E+00	
    2.420112E-02	    4.712389E+00	
    7.618632E-02	    4.712389E+00	
    1.358267E-01	    4.712389E+00	
    2.041542E-01	    4.712389E+00	
    2.823094E-01	    4.712389E+00	
    3.715427E-01	    4.712389E+00	
    4.732123E-01	    4.712389E+00	
    5.887769E-01	    4.712389E+00	
    7.197819E-01	    4.712389E+00	
    8.678370E-01	    4.712389E+00	
    1.034585E+00	    4.712389E+00	
    1.221658E+00	    4.712389E+00	
    1.430620E+00	    4.712389E+00	
    1.662902E+00	    4.712389E+00	
    1.919714E+00	    4.712389E+00	
    2.201958E+00	    4.712389E+00	
    2.510126E+00	    4.712389E+00	
    2.844202E+00	    4.712389E+00	
    3.203570E+00	    4.712389E+00	
    3.586939E+00	    4.712389E+00	
    3.992299E+00	    4.712389E+00	
    4.416909E+00	    4.712389E+00	
    4.857338E+00	    4.712389E+00	
    5.309549E+00	    4.712389E+00	
    5.769030E+00	    4.712389E+00	
    6.000000E+00	    4.712389E+00	
