Title="Mesh"
Variables="X","Y"
Zone I=52 J=52 F=POINT
   -1.269984E-02	    6.295992E-05	
   -1.269975E-02	    7.931794E-05	
   -1.269938E-02	    1.255785E-04	
   -1.269847E-02	    1.973751E-04	
   -1.269630E-02	    3.065712E-04	
   -1.269135E-02	    4.686542E-04	
   -1.268055E-02	    7.026081E-04	
   -1.265817E-02	    1.029971E-03	
   -1.261431E-02	    1.472803E-03	
   -1.253339E-02	    2.050414E-03	
   -1.239313E-02	    2.774959E-03	
   -1.216525E-02	    3.646461E-03	
   -1.181871E-02	    4.648454E-03	
   -1.132578E-02	    5.746019E-03	
   -1.066981E-02	    6.888046E-03	
   -9.851907E-03	    8.014358E-03	
   -8.893473E-03	    9.066208E-03	
   -7.833032E-03	    9.996680E-03	
   -6.718495E-03	    1.077738E-02	
   -5.598047E-03	    1.139964E-02	
   -4.512822E-03	    1.187116E-02	
   -3.493022E-03	    1.221019E-02	
   -2.557328E-03	    1.243986E-02	
   -1.714469E-03	    1.258374E-02	
   -9.656985E-04	    1.266323E-02	
   -3.072942E-04	    1.269628E-02	
    3.072942E-04	    1.269628E-02	
    9.656985E-04	    1.266323E-02	
    1.714469E-03	    1.258374E-02	
    2.557328E-03	    1.243986E-02	
    3.493022E-03	    1.221019E-02	
    4.512822E-03	    1.187116E-02	
    5.598047E-03	    1.139964E-02	
    6.718495E-03	    1.077738E-02	
    7.833032E-03	    9.996680E-03	
    8.893473E-03	    9.066208E-03	
    9.851907E-03	    8.014358E-03	
    1.066981E-02	    6.888046E-03	
    1.132578E-02	    5.746019E-03	
    1.181871E-02	    4.648454E-03	
    1.216525E-02	    3.646461E-03	
    1.239313E-02	    2.774959E-03	
    1.253339E-02	    2.050414E-03	
    1.261431E-02	    1.472803E-03	
    1.265817E-02	    1.029971E-03	
    1.268055E-02	    7.026081E-04	
    1.269135E-02	    4.686542E-04	
    1.269630E-02	    3.065712E-04	
    1.269847E-02	    1.973751E-04	
    1.269938E-02	    1.255785E-04	
    1.269975E-02	    7.931794E-05	
    1.269984E-02	    6.295992E-05	
   -1.269942E-02	    6.295634E-05	
   -1.269921E-02	    7.931273E-05	
   -1.269852E-02	    1.255671E-04	
   -1.269712E-02	    1.973496E-04	
   -1.269421E-02	    3.065137E-04	
   -1.268816E-02	    4.685257E-04	
   -1.267578E-02	    7.023274E-04	
   -1.265118E-02	    1.029379E-03	
   -1.260436E-02	    1.471608E-03	
   -1.251963E-02	    2.048116E-03	
   -1.237473E-02	    2.770775E-03	
   -1.214153E-02	    3.639267E-03	
   -1.178935E-02	    4.636797E-03	
   -1.129102E-02	    5.728250E-03	
   -1.063057E-02	    6.862559E-03	
   -9.809782E-03	    7.979906E-03	
   -8.850480E-03	    9.022171E-03	
   -7.791299E-03	    9.943190E-03	
   -6.679921E-03	    1.071525E-02	
   -5.564062E-03	    1.133017E-02	
   -4.484299E-03	    1.179586E-02	
   -3.470318E-03	    1.213055E-02	
   -2.540395E-03	    1.235720E-02	
   -1.702986E-03	    1.249918E-02	
   -9.591903E-04	    1.257760E-02	
   -3.052179E-04	    1.261020E-02	
    3.052179E-04	    1.261020E-02	
    9.591903E-04	    1.257760E-02	
    1.702986E-03	    1.249918E-02	
    2.540395E-03	    1.235720E-02	
    3.470318E-03	    1.213055E-02	
    4.484299E-03	    1.179586E-02	
    5.564062E-03	    1.133017E-02	
    6.679921E-03	    1.071525E-02	
    7.791299E-03	    9.943190E-03	
    8.850480E-03	    9.022171E-03	
    9.809782E-03	    7.979906E-03	
    1.063057E-02	    6.862559E-03	
    1.129102E-02	    5.728250E-03	
    1.178935E-02	    4.636797E-03	
    1.214153E-02	    3.639267E-03	
    1.237473E-02	    2.770775E-03	
    1.251963E-02	    2.048116E-03	
    1.260436E-02	    1.471608E-03	
    1.265118E-02	    1.029379E-03	
    1.267578E-02	    7.023274E-04	
    1.268816E-02	    4.685257E-04	
    1.269421E-02	    3.065137E-04	
    1.269712E-02	    1.973496E-04	
    1.269852E-02	    1.255671E-04	
    1.269921E-02	    7.931273E-05	
    1.269942E-02	    6.295634E-05	
   -1.269842E-02	    6.293687E-05	
   -1.269796E-02	    7.928660E-05	
   -1.269655E-02	    1.255186E-04	
   -1.269402E-02	    1.972557E-04	
   -1.268939E-02	    3.063264E-04	
   -1.268080E-02	    4.681454E-04	
   -1.266475E-02	    7.015541E-04	
   -1.263506E-02	    1.027829E-03	
   -1.258141E-02	    1.468588E-03	
   -1.248792E-02	    2.042456E-03	
   -1.233236E-02	    2.760650E-03	
   -1.208699E-02	    3.622081E-03	
   -1.172195E-02	    4.609225E-03	
   -1.121138E-02	    5.686536E-03	
   -1.054088E-02	    6.803083E-03	
   -9.713668E-03	    7.899894E-03	
   -8.752564E-03	    8.920293E-03	
   -7.696409E-03	    9.819822E-03	
   -6.592333E-03	    1.057230E-02	
   -5.486976E-03	    1.117062E-02	
   -4.419656E-03	    1.162312E-02	
   -3.418893E-03	    1.194803E-02	
   -2.502058E-03	    1.216791E-02	
   -1.676995E-03	    1.230557E-02	
   -9.444609E-04	    1.238159E-02	
   -3.005189E-04	    1.241319E-02	
    3.005189E-04	    1.241319E-02	
    9.444609E-04	    1.238159E-02	
    1.676995E-03	    1.230557E-02	
    2.502058E-03	    1.216791E-02	
    3.418893E-03	    1.194803E-02	
    4.419656E-03	    1.162312E-02	
    5.486976E-03	    1.117062E-02	
    6.592333E-03	    1.057230E-02	
    7.696409E-03	    9.819822E-03	
    8.752564E-03	    8.920293E-03	
    9.713668E-03	    7.899894E-03	
    1.054088E-02	    6.803083E-03	
    1.121138E-02	    5.686536E-03	
    1.172195E-02	    4.609225E-03	
    1.208699E-02	    3.622081E-03	
    1.233236E-02	    2.760650E-03	
    1.248792E-02	    2.042456E-03	
    1.258141E-02	    1.468588E-03	
    1.263506E-02	    1.027829E-03	
    1.266475E-02	    7.015541E-04	
    1.268080E-02	    4.681454E-04	
    1.268939E-02	    3.063264E-04	
    1.269402E-02	    1.972557E-04	
    1.269655E-02	    1.255186E-04	
    1.269796E-02	    7.928660E-05	
    1.269842E-02	    6.293687E-05	
   -1.269713E-02	    6.288778E-05	
   -1.269633E-02	    7.922266E-05	
   -1.269396E-02	    1.254079E-04	
   -1.268995E-02	    1.970589E-04	
   -1.268308E-02	    3.059666E-04	
   -1.267117E-02	    4.674728E-04	
   -1.265034E-02	    7.002809E-04	
   -1.261401E-02	    1.025421E-03	
   -1.255148E-02	    1.464102E-03	
   -1.244665E-02	    2.034326E-03	
   -1.227733E-02	    2.746469E-03	
   -1.201632E-02	    3.598465E-03	
   -1.163489E-02	    4.571889E-03	
   -1.110883E-02	    5.630698E-03	
   -1.042573E-02	    6.724204E-03	
   -9.590663E-03	    7.794570E-03	
   -8.627618E-03	    8.786992E-03	
   -7.575635E-03	    9.659174E-03	
   -6.481091E-03	    1.038686E-02	
   -5.389240E-03	    1.096421E-02	
   -4.337801E-03	    1.140012E-02	
   -3.353837E-03	    1.171273E-02	
   -2.453588E-03	    1.192410E-02	
   -1.644149E-03	    1.205637E-02	
   -9.258499E-04	    1.212938E-02	
   -2.945823E-04	    1.215973E-02	
    2.945823E-04	    1.215973E-02	
    9.258499E-04	    1.212938E-02	
    1.644149E-03	    1.205637E-02	
    2.453588E-03	    1.192410E-02	
    3.353837E-03	    1.171273E-02	
    4.337801E-03	    1.140012E-02	
    5.389240E-03	    1.096421E-02	
    6.481091E-03	    1.038686E-02	
    7.575635E-03	    9.659174E-03	
    8.627618E-03	    8.786992E-03	
    9.590663E-03	    7.794570E-03	
    1.042573E-02	    6.724204E-03	
    1.110883E-02	    5.630698E-03	
    1.163489E-02	    4.571889E-03	
    1.201632E-02	    3.598465E-03	
    1.227733E-02	    2.746469E-03	
    1.244665E-02	    2.034326E-03	
    1.255148E-02	    1.464102E-03	
    1.261401E-02	    1.025421E-03	
    1.265034E-02	    7.002809E-04	
    1.267117E-02	    4.674728E-04	
    1.268308E-02	    3.059666E-04	
    1.268995E-02	    1.970589E-04	
    1.269396E-02	    1.254079E-04	
    1.269633E-02	    7.922266E-05	
    1.269713E-02	    6.288778E-05	
   -1.269544E-02	    6.278402E-05	
   -1.269421E-02	    7.908923E-05	
   -1.269060E-02	    1.251845E-04	
   -1.268468E-02	    1.966781E-04	
   -1.267490E-02	    3.053053E-04	
   -1.265868E-02	    4.663036E-04	
   -1.263168E-02	    6.981870E-04	
   -1.258678E-02	    1.021656E-03	
   -1.251284E-02	    1.457379E-03	
   -1.239346E-02	    2.022560E-03	
   -1.220662E-02	    2.726506E-03	
   -1.192580E-02	    3.565937E-03	
   -1.152375E-02	    4.521348E-03	
   -1.097843E-02	    5.556161E-03	
   -1.027992E-02	    6.620101E-03	
   -9.435526E-03	    7.656850E-03	
   -8.470614E-03	    8.613997E-03	
   -7.424364E-03	    9.451934E-03	
   -6.342135E-03	    1.014874E-02	
   -5.267416E-03	    1.070010E-02	
   -4.235938E-03	    1.111553E-02	
   -3.272973E-03	    1.141298E-02	
   -2.393388E-03	    1.161389E-02	
   -1.603372E-03	    1.173952E-02	
   -9.027525E-04	    1.180884E-02	
   -2.872153E-04	    1.183765E-02	
    2.872153E-04	    1.183765E-02	
    9.027525E-04	    1.180884E-02	
    1.603372E-03	    1.173952E-02	
    2.393388E-03	    1.161389E-02	
    3.272973E-03	    1.141298E-02	
    4.235938E-03	    1.111553E-02	
    5.267416E-03	    1.070010E-02	
    6.342135E-03	    1.014874E-02	
    7.424364E-03	    9.451934E-03	
    8.470614E-03	    8.613997E-03	
    9.435526E-03	    7.656850E-03	
    1.027992E-02	    6.620101E-03	
    1.097843E-02	    5.556161E-03	
    1.152375E-02	    4.521348E-03	
    1.192580E-02	    3.565937E-03	
    1.220662E-02	    2.726506E-03	
    1.239346E-02	    2.022560E-03	
    1.251284E-02	    1.457379E-03	
    1.258678E-02	    1.021656E-03	
    1.263168E-02	    6.981870E-04	
    1.265868E-02	    4.663036E-04	
    1.267490E-02	    3.053053E-04	
    1.268468E-02	    1.966781E-04	
    1.269060E-02	    1.251845E-04	
    1.269421E-02	    7.908923E-05	
    1.269544E-02	    6.278402E-05	
   -1.269328E-02	    6.258414E-05	
   -1.269148E-02	    7.883394E-05	
   -1.268629E-02	    1.247648E-04	
   -1.267791E-02	    1.959808E-04	
   -1.266441E-02	    3.041332E-04	
   -1.264269E-02	    4.643108E-04	
   -1.260780E-02	    6.947665E-04	
   -1.255199E-02	    1.015761E-03	
   -1.246355E-02	    1.447264E-03	
   -1.232582E-02	    2.005458E-03	
   -1.211698E-02	    2.698326E-03	
   -1.181152E-02	    3.521121E-03	
   -1.138409E-02	    4.453091E-03	
   -1.081538E-02	    5.457146E-03	
   -1.009853E-02	    6.483686E-03	
   -9.243488E-03	    7.478405E-03	
   -8.277156E-03	    8.391895E-03	
   -7.238719E-03	    9.187815E-03	
   -6.172173E-03	    9.846995E-03	
   -5.118803E-03	    1.036687E-02	
   -4.111923E-03	    1.075758E-02	
   -3.174663E-03	    1.103681E-02	
   -2.320271E-03	    1.122516E-02	
   -1.553877E-03	    1.134283E-02	
   -8.747253E-04	    1.140773E-02	
   -2.782772E-04	    1.143469E-02	
    2.782772E-04	    1.143469E-02	
    8.747253E-04	    1.140773E-02	
    1.553877E-03	    1.134283E-02	
    2.320271E-03	    1.122516E-02	
    3.174663E-03	    1.103681E-02	
    4.111923E-03	    1.075758E-02	
    5.118803E-03	    1.036687E-02	
    6.172173E-03	    9.846995E-03	
    7.238719E-03	    9.187815E-03	
    8.277156E-03	    8.391895E-03	
    9.243488E-03	    7.478405E-03	
    1.009853E-02	    6.483686E-03	
    1.081538E-02	    5.457146E-03	
    1.138409E-02	    4.453091E-03	
    1.181152E-02	    3.521121E-03	
    1.211698E-02	    2.698326E-03	
    1.232582E-02	    2.005458E-03	
    1.246355E-02	    1.447264E-03	
    1.255199E-02	    1.015761E-03	
    1.260780E-02	    6.947665E-04	
    1.264269E-02	    4.643108E-04	
    1.266441E-02	    3.041332E-04	
    1.267791E-02	    1.959808E-04	
    1.268629E-02	    1.247648E-04	
    1.269148E-02	    7.883394E-05	
    1.269328E-02	    6.258414E-05	
   -1.269054E-02	    6.222267E-05	
   -1.268804E-02	    7.837424E-05	
   -1.268084E-02	    1.240177E-04	
   -1.266936E-02	    1.947594E-04	
   -1.265116E-02	    3.021253E-04	
   -1.262250E-02	    4.609912E-04	
   -1.257769E-02	    6.892530E-04	
   -1.250822E-02	    1.006589E-03	
   -1.240172E-02	    1.432075E-03	
   -1.224125E-02	    1.980621E-03	
   -1.200537E-02	    2.658606E-03	
   -1.166995E-02	    3.459572E-03	
   -1.121208E-02	    4.361416E-03	
   -1.061580E-02	    5.326653E-03	
   -9.877882E-03	    6.306754E-03	
   -9.011320E-03	    7.250025E-03	
   -8.044578E-03	    8.110735E-03	
   -7.016620E-03	    8.856386E-03	
   -5.969658E-03	    9.470940E-03	
   -4.942288E-03	    9.953719E-03	
   -3.964976E-03	    1.031545E-02	
   -3.058374E-03	    1.057339E-02	
   -2.233882E-03	    1.074712E-02	
   -1.495439E-03	    1.085554E-02	
   -8.416476E-04	    1.091531E-02	
   -2.677303E-04	    1.094013E-02	
    2.677303E-04	    1.094013E-02	
    8.416476E-04	    1.091531E-02	
    1.495439E-03	    1.085554E-02	
    2.233882E-03	    1.074712E-02	
    3.058374E-03	    1.057339E-02	
    3.964976E-03	    1.031545E-02	
    4.942288E-03	    9.953719E-03	
    5.969658E-03	    9.470940E-03	
    7.016620E-03	    8.856386E-03	
    8.044578E-03	    8.110735E-03	
    9.011320E-03	    7.250025E-03	
    9.877882E-03	    6.306754E-03	
    1.061580E-02	    5.326653E-03	
    1.121208E-02	    4.361416E-03	
    1.166995E-02	    3.459572E-03	
    1.200537E-02	    2.658606E-03	
    1.224125E-02	    1.980621E-03	
    1.240172E-02	    1.432075E-03	
    1.250822E-02	    1.006589E-03	
    1.257769E-02	    6.892530E-04	
    1.262250E-02	    4.609912E-04	
    1.265116E-02	    3.021253E-04	
    1.266936E-02	    1.947594E-04	
    1.268084E-02	    1.240177E-04	
    1.268804E-02	    7.837424E-05	
    1.269054E-02	    6.222267E-05	
   -1.268715E-02	    6.160222E-05	
   -1.268376E-02	    7.758733E-05	
   -1.267408E-02	    1.227484E-04	
   -1.265875E-02	    1.927075E-04	
   -1.263473E-02	    2.988043E-04	
   -1.259751E-02	    4.556129E-04	
   -1.254050E-02	    6.805446E-04	
   -1.245428E-02	    9.925204E-04	
   -1.232577E-02	    1.409490E-03	
   -1.213781E-02	    1.944823E-03	
   -1.186960E-02	    2.603025E-03	
   -1.149880E-02	    3.375745E-03	
   -1.100557E-02	    4.239528E-03	
   -1.037796E-02	    5.156769E-03	
   -9.616933E-03	    6.080546E-03	
   -8.738736E-03	    6.962475E-03	
   -7.773322E-03	    7.761176E-03	
   -6.759074E-03	    8.448501E-03	
   -5.735931E-03	    9.011798E-03	
   -4.739326E-03	    9.452308E-03	
   -3.796483E-03	    9.781217E-03	
   -2.925298E-03	    1.001516E-02	
   -2.135156E-03	    1.017244E-02	
   -1.428711E-03	    1.027049E-02	
   -8.038949E-04	    1.032450E-02	
   -2.556950E-04	    1.034692E-02	
    2.556950E-04	    1.034692E-02	
    8.038949E-04	    1.032450E-02	
    1.428711E-03	    1.027049E-02	
    2.135156E-03	    1.017244E-02	
    2.925298E-03	    1.001516E-02	
    3.796483E-03	    9.781217E-03	
    4.739326E-03	    9.452308E-03	
    5.735931E-03	    9.011798E-03	
    6.759074E-03	    8.448501E-03	
    7.773322E-03	    7.761176E-03	
    8.738736E-03	    6.962475E-03	
    9.616933E-03	    6.080546E-03	
    1.037796E-02	    5.156769E-03	
    1.100557E-02	    4.239528E-03	
    1.149880E-02	    3.375745E-03	
    1.186960E-02	    2.603025E-03	
    1.213781E-02	    1.944823E-03	
    1.232577E-02	    1.409490E-03	
    1.245428E-02	    9.925204E-04	
    1.254050E-02	    6.805446E-04	
    1.259751E-02	    4.556129E-04	
    1.263473E-02	    2.988043E-04	
    1.265875E-02	    1.927075E-04	
    1.267408E-02	    1.227484E-04	
    1.268376E-02	    7.758733E-05	
    1.268715E-02	    6.160222E-05	
   -1.268304E-02	    6.058844E-05	
   -1.267859E-02	    7.630408E-05	
   -1.266590E-02	    1.206895E-04	
   -1.264593E-02	    1.894055E-04	
   -1.261490E-02	    2.935206E-04	
   -1.256738E-02	    4.471881E-04	
   -1.249575E-02	    6.671726E-04	
   -1.238957E-02	    9.714292E-04	
   -1.223502E-02	    1.376533E-03	
   -1.201485E-02	    1.894053E-03	
   -1.170921E-02	    2.526410E-03	
   -1.129809E-02	    3.263296E-03	
   -1.076539E-02	    4.080083E-03	
   -1.010378E-02	    4.939505E-03	
   -9.318747E-03	    5.796925E-03	
   -8.429868E-03	    6.608000E-03	
   -7.468296E-03	    7.336292E-03	
   -6.471358E-03	    7.958334E-03	
   -5.476225E-03	    8.464924E-03	
   -4.514752E-03	    8.859095E-03	
   -3.610632E-03	    9.152272E-03	
   -2.778842E-03	    9.360213E-03	
   -2.026665E-03	    9.499739E-03	
   -1.355451E-03	    9.586609E-03	
   -7.624684E-04	    9.634421E-03	
   -2.424913E-04	    9.654263E-03	
    2.424913E-04	    9.654263E-03	
    7.624684E-04	    9.634421E-03	
    1.355451E-03	    9.586609E-03	
    2.026665E-03	    9.499739E-03	
    2.778842E-03	    9.360213E-03	
    3.610632E-03	    9.152272E-03	
    4.514752E-03	    8.859095E-03	
    5.476225E-03	    8.464924E-03	
    6.471358E-03	    7.958334E-03	
    7.468296E-03	    7.336292E-03	
    8.429868E-03	    6.608000E-03	
    9.318747E-03	    5.796925E-03	
    1.010378E-02	    4.939505E-03	
    1.076539E-02	    4.080083E-03	
    1.129809E-02	    3.263296E-03	
    1.170921E-02	    2.526410E-03	
    1.201485E-02	    1.894053E-03	
    1.223502E-02	    1.376533E-03	
    1.238957E-02	    9.714292E-04	
    1.249575E-02	    6.671726E-04	
    1.256738E-02	    4.471881E-04	
    1.261490E-02	    2.935206E-04	
    1.264593E-02	    1.894055E-04	
    1.266590E-02	    1.206895E-04	
    1.267859E-02	    7.630408E-05	
    1.268304E-02	    6.058844E-05	
   -1.267822E-02	    5.901441E-05	
   -1.267252E-02	    7.431445E-05	
   -1.265632E-02	    1.175098E-04	
   -1.263092E-02	    1.843360E-04	
   -1.259171E-02	    2.854782E-04	
   -1.253222E-02	    4.345169E-04	
   -1.244366E-02	    6.473771E-04	
   -1.231451E-02	    9.408176E-04	
   -1.213025E-02	    1.329796E-03	
   -1.187374E-02	    1.823873E-03	
   -1.152649E-02	    2.423298E-03	
   -1.107140E-02	    3.115926E-03	
   -1.049667E-02	    3.876360E-03	
   -9.800043E-03	    4.668325E-03	
   -8.991693E-03	    5.450232E-03	
   -8.094264E-03	    6.182441E-03	
   -7.139646E-03	    6.833845E-03	
   -6.163582E-03	    7.385727E-03	
   -5.200034E-03	    7.832156E-03	
   -4.277008E-03	    8.177657E-03	
   -3.414548E-03	    8.433586E-03	
   -2.624691E-03	    8.614569E-03	
   -1.912658E-03	    8.735757E-03	
   -1.278545E-03	    8.811108E-03	
   -7.190037E-04	    8.852547E-03	
   -2.286412E-04	    8.869738E-03	
    2.286412E-04	    8.869738E-03	
    7.190037E-04	    8.852547E-03	
    1.278545E-03	    8.811108E-03	
    1.912658E-03	    8.735757E-03	
    2.624691E-03	    8.614569E-03	
    3.414548E-03	    8.433586E-03	
    4.277008E-03	    8.177657E-03	
    5.200034E-03	    7.832156E-03	
    6.163582E-03	    7.385727E-03	
    7.139646E-03	    6.833845E-03	
    8.094264E-03	    6.182441E-03	
    8.991693E-03	    5.450232E-03	
    9.800043E-03	    4.668325E-03	
    1.049667E-02	    3.876360E-03	
    1.107140E-02	    3.115926E-03	
    1.152649E-02	    2.423298E-03	
    1.187374E-02	    1.823873E-03	
    1.213025E-02	    1.329796E-03	
    1.231451E-02	    9.408176E-04	
    1.244366E-02	    6.473771E-04	
    1.253222E-02	    4.345169E-04	
    1.259171E-02	    2.854782E-04	
    1.263092E-02	    1.843360E-04	
    1.265632E-02	    1.175098E-04	
    1.267252E-02	    7.431445E-05	
    1.267822E-02	    5.901441E-05	
   -1.267279E-02	    5.670192E-05	
   -1.266569E-02	    7.139450E-05	
   -1.264553E-02	    1.128573E-04	
   -1.261404E-02	    1.769519E-04	
   -1.256568E-02	    2.738418E-04	
   -1.249282E-02	    4.163562E-04	
   -1.238548E-02	    6.193662E-04	
   -1.223100E-02	    8.982064E-04	
   -1.201431E-02	    1.266018E-03	
   -1.171864E-02	    1.730255E-03	
   -1.132730E-02	    2.289084E-03	
   -1.082659E-02	    2.928884E-03	
   -1.020948E-02	    3.624114E-03	
   -9.478927E-03	    4.340282E-03	
   -8.649595E-03	    5.039587E-03	
   -7.746713E-03	    5.687557E-03	
   -6.802310E-03	    6.258504E-03	
   -5.850042E-03	    6.738212E-03	
   -4.920381E-03	    7.123599E-03	
   -4.037416E-03	    7.420240E-03	
   -3.217628E-03	    7.639072E-03	
   -2.470266E-03	    7.793360E-03	
   -1.798637E-03	    7.896459E-03	
   -1.201708E-03	    7.960477E-03	
   -6.756026E-04	    7.995656E-03	
   -2.148146E-04	    8.010244E-03	
    2.148146E-04	    8.010244E-03	
    6.756026E-04	    7.995656E-03	
    1.201708E-03	    7.960477E-03	
    1.798637E-03	    7.896459E-03	
    2.470266E-03	    7.793360E-03	
    3.217628E-03	    7.639072E-03	
    4.037416E-03	    7.420240E-03	
    4.920381E-03	    7.123599E-03	
    5.850042E-03	    6.738212E-03	
    6.802310E-03	    6.258504E-03	
    7.746713E-03	    5.687557E-03	
    8.649595E-03	    5.039587E-03	
    9.478927E-03	    4.340282E-03	
    1.020948E-02	    3.624114E-03	
    1.082659E-02	    2.928884E-03	
    1.132730E-02	    2.289084E-03	
    1.171864E-02	    1.730255E-03	
    1.201431E-02	    1.266018E-03	
    1.223100E-02	    8.982064E-04	
    1.238548E-02	    6.193662E-04	
    1.249282E-02	    4.163562E-04	
    1.256568E-02	    2.738418E-04	
    1.261404E-02	    1.769519E-04	
    1.264553E-02	    1.128573E-04	
    1.266569E-02	    7.139450E-05	
    1.267279E-02	    5.670192E-05	
   -1.266697E-02	    5.350438E-05	
   -1.265837E-02	    6.736040E-05	
   -1.263398E-02	    1.064446E-04	
   -1.259599E-02	    1.668107E-04	
   -1.253786E-02	    2.579457E-04	
   -1.245082E-02	    3.917360E-04	
   -1.232363E-02	    5.817877E-04	
   -1.214263E-02	    8.418175E-04	
   -1.189232E-02	    1.183038E-03	
   -1.155662E-02	    1.610849E-03	
   -1.112103E-02	    2.121639E-03	
   -1.057562E-02	    2.700893E-03	
   -9.918239E-03	    3.323716E-03	
   -9.156908E-03	    3.958208E-03	
   -8.310262E-03	    4.570934E-03	
   -7.405448E-03	    5.132756E-03	
   -6.474019E-03	    5.623142E-03	
   -5.547188E-03	    6.031837E-03	
   -4.651881E-03	    6.357998E-03	
   -3.808444E-03	    6.607743E-03	
   -3.030081E-03	    6.791255E-03	
   -2.323546E-03	    6.920272E-03	
   -1.690479E-03	    7.006316E-03	
   -1.128895E-03	    7.059676E-03	
   -6.344972E-04	    7.088976E-03	
   -2.017223E-04	    7.101121E-03	
    2.017223E-04	    7.101121E-03	
    6.344972E-04	    7.088976E-03	
    1.128895E-03	    7.059676E-03	
    1.690479E-03	    7.006316E-03	
    2.323546E-03	    6.920272E-03	
    3.030081E-03	    6.791255E-03	
    3.808444E-03	    6.607743E-03	
    4.651881E-03	    6.357998E-03	
    5.547188E-03	    6.031837E-03	
    6.474019E-03	    5.623142E-03	
    7.405448E-03	    5.132756E-03	
    8.310262E-03	    4.570934E-03	
    9.156908E-03	    3.958208E-03	
    9.918239E-03	    3.323716E-03	
    1.057562E-02	    2.700893E-03	
    1.112103E-02	    2.121639E-03	
    1.155662E-02	    1.610849E-03	
    1.189232E-02	    1.183038E-03	
    1.214263E-02	    8.418175E-04	
    1.232363E-02	    5.817877E-04	
    1.245082E-02	    3.917360E-04	
    1.253786E-02	    2.579457E-04	
    1.259599E-02	    1.668107E-04	
    1.263398E-02	    1.064446E-04	
    1.265837E-02	    6.736040E-05	
    1.266697E-02	    5.350438E-05	
   -1.266108E-02	    4.936445E-05	
   -1.265095E-02	    6.214086E-05	
   -1.262229E-02	    9.816324E-05	
   -1.257773E-02	    1.537522E-04	
   -1.250979E-02	    2.375647E-04	
   -1.240853E-02	    3.603654E-04	
   -1.226157E-02	    5.343172E-04	
   -1.205436E-02	    7.713939E-04	
   -1.177118E-02	    1.080884E-03	
   -1.139691E-02	    1.466352E-03	
   -1.091949E-02	    1.922897E-03	
   -1.033284E-02	    2.435838E-03	
   -9.639522E-03	    2.981755E-03	
   -8.852098E-03	    3.532019E-03	
   -7.992451E-03	    4.057862E-03	
   -7.088918E-03	    4.535303E-03	
   -6.172096E-03	    4.948400E-03	
   -5.270624E-03	    5.290124E-03	
   -4.408070E-03	    5.561185E-03	
   -3.601424E-03	    5.767756E-03	
   -2.861053E-03	    5.919005E-03	
   -2.191607E-03	    6.025066E-03	
   -1.593364E-03	    6.095676E-03	
   -1.063576E-03	    6.139414E-03	
   -5.976412E-04	    6.163414E-03	
   -1.899859E-04	    6.173360E-03	
    1.899859E-04	    6.173360E-03	
    5.976412E-04	    6.163414E-03	
    1.063576E-03	    6.139414E-03	
    1.593364E-03	    6.095676E-03	
    2.191607E-03	    6.025066E-03	
    2.861053E-03	    5.919005E-03	
    3.601424E-03	    5.767756E-03	
    4.408070E-03	    5.561185E-03	
    5.270624E-03	    5.290124E-03	
    6.172096E-03	    4.948400E-03	
    7.088918E-03	    4.535303E-03	
    7.992451E-03	    4.057862E-03	
    8.852098E-03	    3.532019E-03	
    9.639522E-03	    2.981755E-03	
    1.033284E-02	    2.435838E-03	
    1.091949E-02	    1.922897E-03	
    1.139691E-02	    1.466352E-03	
    1.177118E-02	    1.080884E-03	
    1.205436E-02	    7.713939E-04	
    1.226157E-02	    5.343172E-04	
    1.240853E-02	    3.603654E-04	
    1.250979E-02	    2.375647E-04	
    1.257773E-02	    1.537522E-04	
    1.262229E-02	    9.816324E-05	
    1.265095E-02	    6.214086E-05	
    1.266108E-02	    4.936445E-05	
   -1.265548E-02	    4.436387E-05	
   -1.264391E-02	    5.583965E-05	
   -1.261120E-02	    8.818085E-05	
   -1.256043E-02	    1.380482E-04	
   -1.248322E-02	    2.131404E-04	
   -1.236861E-02	    3.229613E-04	
   -1.220317E-02	    4.781153E-04	
   -1.197164E-02	    6.887993E-04	
   -1.165830E-02	    9.625018E-04	
   -1.124916E-02	    1.301302E-03	
   -1.073460E-02	    1.699599E-03	
   -1.011220E-02	    2.143292E-03	
   -9.388756E-03	    2.611148E-03	
   -8.580622E-03	    3.078242E-03	
   -7.712127E-03	    3.520453E-03	
   -6.812172E-03	    3.918493E-03	
   -5.910126E-03	    4.260260E-03	
   -5.032167E-03	    4.541151E-03	
   -4.198904E-03	    4.762795E-03	
   -3.424498E-03	    4.931018E-03	
   -2.716998E-03	    5.053814E-03	
   -2.079384E-03	    5.139736E-03	
   -1.510867E-03	    5.196851E-03	
   -1.008135E-03	    5.232196E-03	
   -5.663723E-04	    5.251580E-03	
   -1.800306E-04	    5.259610E-03	
    1.800306E-04	    5.259610E-03	
    5.663723E-04	    5.251580E-03	
    1.008135E-03	    5.232196E-03	
    1.510867E-03	    5.196851E-03	
    2.079384E-03	    5.139736E-03	
    2.716998E-03	    5.053814E-03	
    3.424498E-03	    4.931018E-03	
    4.198904E-03	    4.762795E-03	
    5.032167E-03	    4.541151E-03	
    5.910126E-03	    4.260260E-03	
    6.812172E-03	    3.918493E-03	
    7.712127E-03	    3.520453E-03	
    8.580622E-03	    3.078242E-03	
    9.388756E-03	    2.611148E-03	
    1.011220E-02	    2.143292E-03	
    1.073460E-02	    1.699599E-03	
    1.124916E-02	    1.301302E-03	
    1.165830E-02	    9.625018E-04	
    1.197164E-02	    6.887993E-04	
    1.220317E-02	    4.781153E-04	
    1.236861E-02	    3.229613E-04	
    1.248322E-02	    2.131404E-04	
    1.256043E-02	    1.380482E-04	
    1.261120E-02	    8.818085E-05	
    1.264391E-02	    5.583965E-05	
    1.265548E-02	    4.436387E-05	
   -1.265052E-02	    3.873543E-05	
   -1.263768E-02	    4.875034E-05	
   -1.260138E-02	    7.696357E-05	
   -1.254513E-02	    1.204344E-04	
   -1.245975E-02	    1.858223E-04	
   -1.233341E-02	    2.812950E-04	
   -1.215183E-02	    4.158635E-04	
   -1.189921E-02	    5.980074E-04	
   -1.155998E-02	    8.336286E-04	
   -1.112127E-02	    1.123730E-03	
   -1.057576E-02	    1.462586E-03	
   -9.924243E-03	    1.837309E-03	
   -9.177007E-03	    2.229327E-03	
   -8.353398E-03	    2.617558E-03	
   -7.479448E-03	    2.982244E-03	
   -6.584185E-03	    3.308146E-03	
   -5.695703E-03	    3.586211E-03	
   -4.838024E-03	    3.813538E-03	
   -4.029321E-03	    3.992152E-03	
   -3.281510E-03	    4.127268E-03	
   -2.600847E-03	    4.225655E-03	
   -1.989045E-03	    4.294375E-03	
   -1.444530E-03	    4.340001E-03	
   -9.635836E-04	    4.368214E-03	
   -5.412546E-04	    4.383679E-03	
   -1.720349E-04	    4.390085E-03	
    1.720349E-04	    4.390085E-03	
    5.412546E-04	    4.383679E-03	
    9.635836E-04	    4.368214E-03	
    1.444530E-03	    4.340001E-03	
    1.989045E-03	    4.294375E-03	
    2.600847E-03	    4.225655E-03	
    3.281510E-03	    4.127268E-03	
    4.029321E-03	    3.992152E-03	
    4.838024E-03	    3.813538E-03	
    5.695703E-03	    3.586211E-03	
    6.584185E-03	    3.308146E-03	
    7.479448E-03	    2.982244E-03	
    8.353398E-03	    2.617558E-03	
    9.177007E-03	    2.229327E-03	
    9.924243E-03	    1.837309E-03	
    1.057576E-02	    1.462586E-03	
    1.112127E-02	    1.123730E-03	
    1.155998E-02	    8.336286E-04	
    1.189921E-02	    5.980074E-04	
    1.215183E-02	    4.158635E-04	
    1.233341E-02	    2.812950E-04	
    1.245975E-02	    1.858223E-04	
    1.254513E-02	    1.204344E-04	
    1.260138E-02	    7.696357E-05	
    1.263768E-02	    4.875034E-05	
    1.265052E-02	    3.873543E-05	
   -1.264643E-02	    3.282126E-05	
   -1.263253E-02	    4.130362E-05	
   -1.259328E-02	    6.519185E-05	
   -1.253252E-02	    1.019767E-04	
   -1.244043E-02	    1.572574E-04	
   -1.230448E-02	    2.378645E-04	
   -1.210974E-02	    3.512621E-04	
   -1.184003E-02	    5.043461E-04	
   -1.148000E-02	    7.016888E-04	
   -1.101779E-02	    9.436029E-04	
   -1.044804E-02	    1.224707E-03	
   -9.774150E-03	    1.533738E-03	
   -9.009143E-03	    1.854999E-03	
   -8.174560E-03	    2.171126E-03	
   -7.297554E-03	    2.466257E-03	
   -6.407035E-03	    2.728520E-03	
   -5.529952E-03	    2.951191E-03	
   -4.688583E-03	    3.132486E-03	
   -3.899219E-03	    3.274464E-03	
   -3.172088E-03	    3.381594E-03	
   -2.512125E-03	    3.459455E-03	
   -1.920127E-03	    3.513766E-03	
   -1.393966E-03	    3.549791E-03	
   -9.296430E-04	    3.572055E-03	
   -5.221247E-04	    3.584254E-03	
   -1.659460E-04	    3.589306E-03	
    1.659460E-04	    3.589306E-03	
    5.221247E-04	    3.584254E-03	
    9.296430E-04	    3.572055E-03	
    1.393966E-03	    3.549791E-03	
    1.920127E-03	    3.513766E-03	
    2.512125E-03	    3.459455E-03	
    3.172088E-03	    3.381594E-03	
    3.899219E-03	    3.274464E-03	
    4.688583E-03	    3.132486E-03	
    5.529952E-03	    2.951191E-03	
    6.407035E-03	    2.728520E-03	
    7.297554E-03	    2.466257E-03	
    8.174560E-03	    2.171126E-03	
    9.009143E-03	    1.854999E-03	
    9.774150E-03	    1.533738E-03	
    1.044804E-02	    1.224707E-03	
    1.101779E-02	    9.436029E-04	
    1.148000E-02	    7.016888E-04	
    1.184003E-02	    5.043461E-04	
    1.210974E-02	    3.512621E-04	
    1.230448E-02	    2.378645E-04	
    1.244043E-02	    1.572574E-04	
    1.253252E-02	    1.019767E-04	
    1.259328E-02	    6.519185E-05	
    1.263253E-02	    4.130362E-05	
    1.264643E-02	    3.282126E-05	
   -1.264327E-02	    2.699198E-05	
   -1.262857E-02	    3.396563E-05	
   -1.258705E-02	    5.360016E-05	
   -1.252282E-02	    8.382092E-05	
   -1.242559E-02	    1.292054E-04	
   -1.228229E-02	    1.953140E-04	
   -1.207751E-02	    2.881787E-04	
   -1.179484E-02	    4.132909E-04	
   -1.141913E-02	    5.741477E-04	
   -1.093938E-02	    7.706820E-04	
   -1.035174E-02	    9.981557E-04	
   -9.661586E-03	    1.247120E-03	
   -8.883959E-03	    1.504716E-03	
   -8.041929E-03	    1.756987E-03	
   -7.163353E-03	    1.991430E-03	
   -6.276936E-03	    2.198900E-03	
   -5.408699E-03	    2.374415E-03	
   -4.579610E-03	    2.516888E-03	
   -3.804584E-03	    2.628195E-03	
   -3.092645E-03	    2.712028E-03	
   -2.447799E-03	    2.772874E-03	
   -1.870209E-03	    2.815274E-03	
   -1.357365E-03	    2.843380E-03	
   -9.050841E-04	    2.860742E-03	
   -5.082856E-04	    2.870253E-03	
   -1.615415E-04	    2.874191E-03	
    1.615415E-04	    2.874191E-03	
    5.082856E-04	    2.870253E-03	
    9.050841E-04	    2.860742E-03	
    1.357365E-03	    2.843380E-03	
    1.870209E-03	    2.815274E-03	
    2.447799E-03	    2.772874E-03	
    3.092645E-03	    2.712028E-03	
    3.804584E-03	    2.628195E-03	
    4.579610E-03	    2.516888E-03	
    5.408699E-03	    2.374415E-03	
    6.276936E-03	    2.198900E-03	
    7.163353E-03	    1.991430E-03	
    8.041929E-03	    1.756987E-03	
    8.883959E-03	    1.504716E-03	
    9.661586E-03	    1.247120E-03	
    1.035174E-02	    9.981557E-04	
    1.093938E-02	    7.706820E-04	
    1.141913E-02	    5.741477E-04	
    1.179484E-02	    4.132909E-04	
    1.207751E-02	    2.881787E-04	
    1.228229E-02	    1.953140E-04	
    1.242559E-02	    1.292054E-04	
    1.252282E-02	    8.382092E-05	
    1.258705E-02	    5.360016E-05	
    1.262857E-02	    3.396563E-05	
    1.264327E-02	    2.699198E-05	
   -1.264100E-02	    2.156430E-05	
   -1.262571E-02	    2.713440E-05	
   -1.258256E-02	    4.281440E-05	
   -1.251583E-02	    6.694049E-05	
   -1.241491E-02	    1.031540E-04	
   -1.226634E-02	    1.558647E-04	
   -1.205438E-02	    2.298308E-04	
   -1.176248E-02	    3.293376E-04	
   -1.137565E-02	    4.570310E-04	
   -1.088355E-02	    6.126771E-04	
   -1.028341E-02	    7.923206E-04	
   -9.582039E-03	    9.883178E-04	
   -8.795856E-03	    1.190432E-03	
   -7.948960E-03	    1.387706E-03	
   -7.069635E-03	    1.570451E-03	
   -6.186383E-03	    1.731703E-03	
   -5.324541E-03	    1.867775E-03	
   -4.504147E-03	    1.978001E-03	
   -3.739167E-03	    2.063973E-03	
   -3.037803E-03	    2.128641E-03	
   -2.403436E-03	    2.175533E-03	
   -1.835805E-03	    2.208187E-03	
   -1.332150E-03	    2.229823E-03	
   -8.881706E-04	    2.243184E-03	
   -4.987562E-04	    2.250502E-03	
   -1.585088E-04	    2.253532E-03	
    1.585088E-04	    2.253532E-03	
    4.987562E-04	    2.250502E-03	
    8.881706E-04	    2.243184E-03	
    1.332150E-03	    2.229823E-03	
    1.835805E-03	    2.208187E-03	
    2.403436E-03	    2.175533E-03	
    3.037803E-03	    2.128641E-03	
    3.739167E-03	    2.063973E-03	
    4.504147E-03	    1.978001E-03	
    5.324541E-03	    1.867775E-03	
    6.186383E-03	    1.731703E-03	
    7.069635E-03	    1.570451E-03	
    7.948960E-03	    1.387706E-03	
    8.795856E-03	    1.190432E-03	
    9.582039E-03	    9.883178E-04	
    1.028341E-02	    7.923206E-04	
    1.088355E-02	    6.126771E-04	
    1.137565E-02	    4.570310E-04	
    1.176248E-02	    3.293376E-04	
    1.205438E-02	    2.298308E-04	
    1.226634E-02	    1.558647E-04	
    1.241491E-02	    1.031540E-04	
    1.251583E-02	    6.694049E-05	
    1.258256E-02	    4.281440E-05	
    1.262571E-02	    2.713440E-05	
    1.264100E-02	    2.156430E-05	
   -1.263946E-02	    1.675019E-05	
   -1.262378E-02	    2.107614E-05	
   -1.257952E-02	    3.325234E-05	
   -1.251110E-02	    5.198308E-05	
   -1.240768E-02	    8.008852E-05	
   -1.225555E-02	    1.209771E-04	
   -1.203876E-02	    1.783127E-04	
   -1.174065E-02	    2.553711E-04	
   -1.134637E-02	    3.541307E-04	
   -1.084602E-02	    4.743173E-04	
   -1.023761E-02	    6.127728E-04	
   -9.528861E-03	    7.635139E-04	
   -8.737124E-03	    9.186126E-04	
   -7.887156E-03	    1.069658E-03	
   -7.007493E-03	    1.209282E-03	
   -6.126476E-03	    1.332246E-03	
   -5.268970E-03	    1.435838E-03	
   -4.454395E-03	    1.519638E-03	
   -3.696090E-03	    1.584926E-03	
   -3.001723E-03	    1.633995E-03	
   -2.374269E-03	    1.669553E-03	
   -1.813196E-03	    1.694304E-03	
   -1.315585E-03	    1.710699E-03	
   -8.770612E-04	    1.720821E-03	
   -4.924975E-04	    1.726364E-03	
   -1.565171E-04	    1.728659E-03	
    1.565171E-04	    1.728659E-03	
    4.924975E-04	    1.726364E-03	
    8.770612E-04	    1.720821E-03	
    1.315585E-03	    1.710699E-03	
    1.813196E-03	    1.694304E-03	
    2.374269E-03	    1.669553E-03	
    3.001723E-03	    1.633995E-03	
    3.696090E-03	    1.584926E-03	
    4.454395E-03	    1.519638E-03	
    5.268970E-03	    1.435838E-03	
    6.126476E-03	    1.332246E-03	
    7.007493E-03	    1.209282E-03	
    7.887156E-03	    1.069658E-03	
    8.737124E-03	    9.186126E-04	
    9.528861E-03	    7.635139E-04	
    1.023761E-02	    6.127728E-04	
    1.084602E-02	    4.743173E-04	
    1.134637E-02	    3.541307E-04	
    1.174065E-02	    2.553711E-04	
    1.203876E-02	    1.783127E-04	
    1.225555E-02	    1.209771E-04	
    1.240768E-02	    8.008852E-05	
    1.251110E-02	    5.198308E-05	
    1.257952E-02	    3.325234E-05	
    1.262378E-02	    2.107614E-05	
    1.263946E-02	    1.675019E-05	
   -1.263848E-02	    1.264762E-05	
   -1.262254E-02	    1.591370E-05	
   -1.257757E-02	    2.510601E-05	
   -1.250808E-02	    3.924458E-05	
   -1.240306E-02	    6.045484E-05	
   -1.224866E-02	    9.130220E-05	
   -1.202878E-02	    1.345379E-04	
   -1.172671E-02	    1.926098E-04	
   -1.132769E-02	    2.669752E-04	
   -1.082212E-02	    3.573829E-04	
   -1.020848E-02	    4.614078E-04	
   -9.495108E-03	    5.745113E-04	
   -8.699916E-03	    6.907194E-04	
   -7.848072E-03	    8.037298E-04	
   -6.968262E-03	    9.080545E-04	
   -6.088710E-03	    9.998201E-04	
   -5.233982E-03	    1.077047E-03	
   -4.423101E-03	    1.139465E-03	
   -3.669017E-03	    1.188061E-03	
   -2.979060E-03	    1.224566E-03	
   -2.355956E-03	    1.251008E-03	
   -1.799005E-03	    1.269409E-03	
   -1.305190E-03	    1.281595E-03	
   -8.700903E-04	    1.289118E-03	
   -4.885707E-04	    1.293238E-03	
   -1.552675E-04	    1.294943E-03	
    1.552675E-04	    1.294943E-03	
    4.885707E-04	    1.293238E-03	
    8.700903E-04	    1.289118E-03	
    1.305190E-03	    1.281595E-03	
    1.799005E-03	    1.269409E-03	
    2.355956E-03	    1.251008E-03	
    2.979060E-03	    1.224566E-03	
    3.669017E-03	    1.188061E-03	
    4.423101E-03	    1.139465E-03	
    5.233982E-03	    1.077047E-03	
    6.088710E-03	    9.998201E-04	
    6.968262E-03	    9.080545E-04	
    7.848072E-03	    8.037298E-04	
    8.699916E-03	    6.907194E-04	
    9.495108E-03	    5.745113E-04	
    1.020848E-02	    4.614078E-04	
    1.082212E-02	    3.573829E-04	
    1.132769E-02	    2.669752E-04	
    1.172671E-02	    1.926098E-04	
    1.202878E-02	    1.345379E-04	
    1.224866E-02	    9.130220E-05	
    1.240306E-02	    6.045484E-05	
    1.250808E-02	    3.924458E-05	
    1.257757E-02	    2.510601E-05	
    1.262254E-02	    1.591370E-05	
    1.263848E-02	    1.264762E-05	
   -1.263788E-02	    9.261238E-06	
   -1.262179E-02	    1.165269E-05	
   -1.257639E-02	    1.838306E-05	
   -1.250624E-02	    2.873404E-05	
   -1.240025E-02	    4.426023E-05	
   -1.224447E-02	    6.683650E-05	
   -1.202272E-02	    9.847064E-05	
   -1.171825E-02	    1.409439E-04	
   -1.131638E-02	    1.953070E-04	
   -1.080766E-02	    2.613568E-04	
   -1.019088E-02	    3.372999E-04	
   -9.474725E-03	    4.198036E-04	
   -8.677472E-03	    5.044995E-04	
   -7.824523E-03	    5.867943E-04	
   -6.944647E-03	    6.627025E-04	
   -6.065999E-03	    7.294236E-04	
   -5.212957E-03	    7.855385E-04	
   -4.404308E-03	    8.308692E-04	
   -3.652766E-03	    8.661476E-04	
   -2.965462E-03	    8.926394E-04	
   -2.344971E-03	    9.118248E-04	
   -1.790494E-03	    9.251732E-04	
   -1.298956E-03	    9.340123E-04	
   -8.659103E-04	    9.394686E-04	
   -4.862160E-04	    9.424564E-04	
   -1.545182E-04	    9.436933E-04	
    1.545182E-04	    9.436933E-04	
    4.862160E-04	    9.424564E-04	
    8.659103E-04	    9.394686E-04	
    1.298956E-03	    9.340123E-04	
    1.790494E-03	    9.251732E-04	
    2.344971E-03	    9.118248E-04	
    2.965462E-03	    8.926394E-04	
    3.652766E-03	    8.661476E-04	
    4.404308E-03	    8.308692E-04	
    5.212957E-03	    7.855385E-04	
    6.065999E-03	    7.294236E-04	
    6.944647E-03	    6.627025E-04	
    7.824523E-03	    5.867943E-04	
    8.677472E-03	    5.044995E-04	
    9.474725E-03	    4.198036E-04	
    1.019088E-02	    3.372999E-04	
    1.080766E-02	    2.613568E-04	
    1.131638E-02	    1.953070E-04	
    1.171825E-02	    1.409439E-04	
    1.202272E-02	    9.847064E-05	
    1.224447E-02	    6.683650E-05	
    1.240025E-02	    4.426023E-05	
    1.250624E-02	    2.873404E-05	
    1.257639E-02	    1.838306E-05	
    1.262179E-02	    1.165269E-05	
    1.263788E-02	    9.261238E-06	
   -1.263754E-02	    6.534757E-06	
   -1.262136E-02	    8.222114E-06	
   -1.257571E-02	    1.297079E-05	
   -1.250518E-02	    2.027366E-05	
   -1.239864E-02	    3.122693E-05	
   -1.224206E-02	    4.715204E-05	
   -1.201923E-02	    6.946292E-05	
   -1.171339E-02	    9.941185E-05	
   -1.130987E-02	    1.377337E-04	
   -1.079934E-02	    1.842773E-04	
   -1.018076E-02	    2.377700E-04	
   -9.463020E-03	    2.958569E-04	
   -8.664593E-03	    3.554577E-04	
   -7.811019E-03	    4.133405E-04	
   -6.931114E-03	    4.667064E-04	
   -6.052991E-03	    5.135938E-04	
   -5.200920E-03	    5.530135E-04	
   -4.393553E-03	    5.848481E-04	
   -3.643468E-03	    6.096173E-04	
   -2.957683E-03	    6.282140E-04	
   -2.338688E-03	    6.416800E-04	
   -1.785627E-03	    6.510482E-04	
   -1.295392E-03	    6.572512E-04	
   -8.635201E-04	    6.610801E-04	
   -4.848697E-04	    6.631768E-04	
   -1.540898E-04	    6.640447E-04	
    1.540898E-04	    6.640447E-04	
    4.848697E-04	    6.631768E-04	
    8.635201E-04	    6.610801E-04	
    1.295392E-03	    6.572512E-04	
    1.785627E-03	    6.510482E-04	
    2.338688E-03	    6.416800E-04	
    2.957683E-03	    6.282140E-04	
    3.643468E-03	    6.096173E-04	
    4.393553E-03	    5.848481E-04	
    5.200920E-03	    5.530135E-04	
    6.052991E-03	    5.135938E-04	
    6.931114E-03	    4.667064E-04	
    7.811019E-03	    4.133405E-04	
    8.664593E-03	    3.554577E-04	
    9.463020E-03	    2.958569E-04	
    1.018076E-02	    2.377700E-04	
    1.079934E-02	    1.842773E-04	
    1.130987E-02	    1.377337E-04	
    1.171339E-02	    9.941185E-05	
    1.201923E-02	    6.946292E-05	
    1.224206E-02	    4.715204E-05	
    1.239864E-02	    3.122693E-05	
    1.250518E-02	    2.027366E-05	
    1.257571E-02	    1.297079E-05	
    1.262136E-02	    8.222114E-06	
    1.263754E-02	    6.534757E-06	
   -1.263735E-02	    4.381075E-06	
   -1.262112E-02	    5.512303E-06	
   -1.257534E-02	    8.695838E-06	
   -1.250460E-02	    1.359158E-05	
   -1.239776E-02	    2.093419E-05	
   -1.224075E-02	    3.160907E-05	
   -1.201734E-02	    4.656314E-05	
   -1.171075E-02	    6.663431E-05	
   -1.130634E-02	    9.231286E-05	
   -1.079483E-02	    1.234946E-04	
   -1.017527E-02	    1.593237E-04	
   -9.456670E-03	    1.982202E-04	
   -8.657609E-03	    2.381198E-04	
   -7.803698E-03	    2.768589E-04	
   -6.923780E-03	    3.125660E-04	
   -6.045943E-03	    3.439312E-04	
   -5.194400E-03	    3.702957E-04	
   -4.387729E-03	    3.915838E-04	
   -3.638434E-03	    4.081450E-04	
   -2.953472E-03	    4.205780E-04	
   -2.335287E-03	    4.295801E-04	
   -1.782992E-03	    4.358425E-04	
   -1.293462E-03	    4.399889E-04	
   -8.622265E-04	    4.425483E-04	
   -4.841410E-04	    4.439498E-04	
   -1.538579E-04	    4.445299E-04	
    1.538579E-04	    4.445299E-04	
    4.841410E-04	    4.439498E-04	
    8.622265E-04	    4.425483E-04	
    1.293462E-03	    4.399889E-04	
    1.782992E-03	    4.358425E-04	
    2.335287E-03	    4.295801E-04	
    2.953472E-03	    4.205780E-04	
    3.638434E-03	    4.081450E-04	
    4.387729E-03	    3.915838E-04	
    5.194400E-03	    3.702957E-04	
    6.045943E-03	    3.439312E-04	
    6.923780E-03	    3.125660E-04	
    7.803698E-03	    2.768589E-04	
    8.657609E-03	    2.381198E-04	
    9.456670E-03	    1.982202E-04	
    1.017527E-02	    1.593237E-04	
    1.079483E-02	    1.234946E-04	
    1.130634E-02	    9.231286E-05	
    1.171075E-02	    6.663431E-05	
    1.201734E-02	    4.656314E-05	
    1.224075E-02	    3.160907E-05	
    1.239776E-02	    2.093419E-05	
    1.250460E-02	    1.359158E-05	
    1.257534E-02	    8.695838E-06	
    1.262112E-02	    5.512303E-06	
    1.263735E-02	    4.381075E-06	
   -1.263725E-02	    2.704271E-06	
   -1.262100E-02	    3.402528E-06	
   -1.257515E-02	    5.367569E-06	
   -1.250431E-02	    8.389432E-06	
   -1.239731E-02	    1.292151E-05	
   -1.224009E-02	    1.951016E-05	
   -1.201638E-02	    2.873958E-05	
   -1.170942E-02	    4.112644E-05	
   -1.130456E-02	    5.697265E-05	
   -1.079255E-02	    7.621299E-05	
   -1.017250E-02	    9.831845E-05	
   -9.453472E-03	    1.223133E-04	
   -8.654091E-03	    1.469236E-04	
   -7.800012E-03	    1.708150E-04	
   -6.920088E-03	    1.928336E-04	
   -6.042396E-03	    2.121726E-04	
   -5.191119E-03	    2.284267E-04	
   -4.384798E-03	    2.415501E-04	
   -3.635901E-03	    2.517588E-04	
   -2.951353E-03	    2.594224E-04	
   -2.333576E-03	    2.649711E-04	
   -1.781667E-03	    2.688310E-04	
   -1.292491E-03	    2.713866E-04	
   -8.615756E-04	    2.729640E-04	
   -4.837744E-04	    2.738278E-04	
   -1.537412E-04	    2.741853E-04	
    1.537412E-04	    2.741853E-04	
    4.837744E-04	    2.738278E-04	
    8.615756E-04	    2.729640E-04	
    1.292491E-03	    2.713866E-04	
    1.781667E-03	    2.688310E-04	
    2.333576E-03	    2.649711E-04	
    2.951353E-03	    2.594224E-04	
    3.635901E-03	    2.517588E-04	
    4.384798E-03	    2.415501E-04	
    5.191119E-03	    2.284267E-04	
    6.042396E-03	    2.121726E-04	
    6.920088E-03	    1.928336E-04	
    7.800012E-03	    1.708150E-04	
    8.654091E-03	    1.469236E-04	
    9.453472E-03	    1.223133E-04	
    1.017250E-02	    9.831845E-05	
    1.079255E-02	    7.621299E-05	
    1.130456E-02	    5.697265E-05	
    1.170942E-02	    4.112644E-05	
    1.201638E-02	    2.873958E-05	
    1.224009E-02	    1.951016E-05	
    1.239731E-02	    1.292151E-05	
    1.250431E-02	    8.389432E-06	
    1.257515E-02	    5.367569E-06	
    1.262100E-02	    3.402528E-06	
    1.263725E-02	    2.704271E-06	
   -1.263721E-02	    1.412859E-06	
   -1.262095E-02	    1.777665E-06	
   -1.257507E-02	    2.804303E-06	
   -1.250418E-02	    4.383068E-06	
   -1.239712E-02	    6.750822E-06	
   -1.223979E-02	    1.019297E-05	
   -1.201595E-02	    1.501465E-05	
   -1.170882E-02	    2.148569E-05	
   -1.130376E-02	    2.976364E-05	
   -1.079154E-02	    3.981423E-05	
   -1.017126E-02	    5.136088E-05	
   -9.452042E-03	    6.389371E-05	
   -8.652519E-03	    7.674727E-05	
   -7.798365E-03	    8.922456E-05	
   -6.918439E-03	    1.007232E-04	
   -6.040811E-03	    1.108219E-04	
   -5.189653E-03	    1.193094E-04	
   -4.383489E-03	    1.261617E-04	
   -3.634770E-03	    1.314921E-04	
   -2.950407E-03	    1.354935E-04	
   -2.332812E-03	    1.383906E-04	
   -1.781075E-03	    1.404058E-04	
   -1.292058E-03	    1.417401E-04	
   -8.612849E-04	    1.425637E-04	
   -4.836107E-04	    1.430147E-04	
   -1.536891E-04	    1.432014E-04	
    1.536891E-04	    1.432014E-04	
    4.836107E-04	    1.430147E-04	
    8.612849E-04	    1.425637E-04	
    1.292058E-03	    1.417401E-04	
    1.781075E-03	    1.404058E-04	
    2.332812E-03	    1.383906E-04	
    2.950407E-03	    1.354935E-04	
    3.634770E-03	    1.314921E-04	
    4.383489E-03	    1.261617E-04	
    5.189653E-03	    1.193094E-04	
    6.040811E-03	    1.108219E-04	
    6.918439E-03	    1.007232E-04	
    7.798365E-03	    8.922456E-05	
    8.652519E-03	    7.674727E-05	
    9.452042E-03	    6.389371E-05	
    1.017126E-02	    5.136088E-05	
    1.079154E-02	    3.981423E-05	
    1.130376E-02	    2.976364E-05	
    1.170882E-02	    2.148569E-05	
    1.201595E-02	    1.501465E-05	
    1.223979E-02	    1.019297E-05	
    1.239712E-02	    6.750822E-06	
    1.250418E-02	    4.383068E-06	
    1.257507E-02	    2.804303E-06	
    1.262095E-02	    1.777665E-06	
    1.263721E-02	    1.412859E-06	
   -1.263720E-02	    4.263159E-07	
   -1.262093E-02	    5.363923E-07	
   -1.257504E-02	    8.461690E-07	
   -1.250414E-02	    1.322543E-06	
   -1.239705E-02	    2.036983E-06	
   -1.223969E-02	    3.075602E-06	
   -1.201581E-02	    4.530468E-06	
   -1.170862E-02	    6.482983E-06	
   -1.130349E-02	    8.980671E-06	
   -1.079119E-02	    1.201317E-05	
   -1.017084E-02	    1.549700E-05	
   -9.451555E-03	    1.927830E-05	
   -8.651983E-03	    2.315630E-05	
   -7.797803E-03	    2.692069E-05	
   -6.917876E-03	    3.038975E-05	
   -6.040271E-03	    3.343643E-05	
   -5.189154E-03	    3.599696E-05	
   -4.383043E-03	    3.806419E-05	
   -3.634384E-03	    3.967225E-05	
   -2.950084E-03	    4.087936E-05	
   -2.332551E-03	    4.175333E-05	
   -1.780873E-03	    4.236128E-05	
   -1.291910E-03	    4.276380E-05	
   -8.611858E-04	    4.301226E-05	
   -4.835548E-04	    4.314830E-05	
   -1.536714E-04	    4.320462E-05	
    1.536714E-04	    4.320462E-05	
    4.835548E-04	    4.314830E-05	
    8.611858E-04	    4.301226E-05	
    1.291910E-03	    4.276380E-05	
    1.780873E-03	    4.236128E-05	
    2.332551E-03	    4.175333E-05	
    2.950084E-03	    4.087936E-05	
    3.634384E-03	    3.967225E-05	
    4.383043E-03	    3.806419E-05	
    5.189154E-03	    3.599696E-05	
    6.040271E-03	    3.343643E-05	
    6.917876E-03	    3.038975E-05	
    7.797803E-03	    2.692069E-05	
    8.651983E-03	    2.315630E-05	
    9.451555E-03	    1.927830E-05	
    1.017084E-02	    1.549700E-05	
    1.079119E-02	    1.201317E-05	
    1.130349E-02	    8.980671E-06	
    1.170862E-02	    6.482983E-06	
    1.201581E-02	    4.530468E-06	
    1.223969E-02	    3.075602E-06	
    1.239705E-02	    2.036983E-06	
    1.250414E-02	    1.322543E-06	
    1.257504E-02	    8.461690E-07	
    1.262093E-02	    5.363923E-07	
    1.263720E-02	    4.263159E-07	
   -1.263720E-02	   -4.263159E-07	
   -1.262093E-02	   -5.363923E-07	
   -1.257504E-02	   -8.461690E-07	
   -1.250414E-02	   -1.322543E-06	
   -1.239705E-02	   -2.036983E-06	
   -1.223969E-02	   -3.075602E-06	
   -1.201581E-02	   -4.530468E-06	
   -1.170862E-02	   -6.482983E-06	
   -1.130349E-02	   -8.980671E-06	
   -1.079119E-02	   -1.201317E-05	
   -1.017084E-02	   -1.549700E-05	
   -9.451555E-03	   -1.927830E-05	
   -8.651983E-03	   -2.315630E-05	
   -7.797803E-03	   -2.692069E-05	
   -6.917876E-03	   -3.038975E-05	
   -6.040271E-03	   -3.343643E-05	
   -5.189154E-03	   -3.599696E-05	
   -4.383043E-03	   -3.806419E-05	
   -3.634384E-03	   -3.967225E-05	
   -2.950084E-03	   -4.087936E-05	
   -2.332551E-03	   -4.175333E-05	
   -1.780873E-03	   -4.236128E-05	
   -1.291910E-03	   -4.276380E-05	
   -8.611858E-04	   -4.301226E-05	
   -4.835548E-04	   -4.314830E-05	
   -1.536714E-04	   -4.320462E-05	
    1.536714E-04	   -4.320462E-05	
    4.835548E-04	   -4.314830E-05	
    8.611858E-04	   -4.301226E-05	
    1.291910E-03	   -4.276380E-05	
    1.780873E-03	   -4.236128E-05	
    2.332551E-03	   -4.175333E-05	
    2.950084E-03	   -4.087936E-05	
    3.634384E-03	   -3.967225E-05	
    4.383043E-03	   -3.806419E-05	
    5.189154E-03	   -3.599696E-05	
    6.040271E-03	   -3.343643E-05	
    6.917876E-03	   -3.038975E-05	
    7.797803E-03	   -2.692069E-05	
    8.651983E-03	   -2.315630E-05	
    9.451555E-03	   -1.927830E-05	
    1.017084E-02	   -1.549700E-05	
    1.079119E-02	   -1.201317E-05	
    1.130349E-02	   -8.980671E-06	
    1.170862E-02	   -6.482983E-06	
    1.201581E-02	   -4.530468E-06	
    1.223969E-02	   -3.075602E-06	
    1.239705E-02	   -2.036983E-06	
    1.250414E-02	   -1.322543E-06	
    1.257504E-02	   -8.461690E-07	
    1.262093E-02	   -5.363923E-07	
    1.263720E-02	   -4.263159E-07	
   -1.263721E-02	   -1.412859E-06	
   -1.262095E-02	   -1.777665E-06	
   -1.257507E-02	   -2.804303E-06	
   -1.250418E-02	   -4.383068E-06	
   -1.239712E-02	   -6.750822E-06	
   -1.223979E-02	   -1.019297E-05	
   -1.201595E-02	   -1.501465E-05	
   -1.170882E-02	   -2.148569E-05	
   -1.130376E-02	   -2.976364E-05	
   -1.079154E-02	   -3.981423E-05	
   -1.017126E-02	   -5.136088E-05	
   -9.452042E-03	   -6.389371E-05	
   -8.652519E-03	   -7.674727E-05	
   -7.798365E-03	   -8.922456E-05	
   -6.918439E-03	   -1.007232E-04	
   -6.040811E-03	   -1.108219E-04	
   -5.189653E-03	   -1.193094E-04	
   -4.383489E-03	   -1.261617E-04	
   -3.634770E-03	   -1.314921E-04	
   -2.950407E-03	   -1.354935E-04	
   -2.332812E-03	   -1.383906E-04	
   -1.781075E-03	   -1.404058E-04	
   -1.292058E-03	   -1.417401E-04	
   -8.612849E-04	   -1.425637E-04	
   -4.836107E-04	   -1.430147E-04	
   -1.536891E-04	   -1.432014E-04	
    1.536891E-04	   -1.432014E-04	
    4.836107E-04	   -1.430147E-04	
    8.612849E-04	   -1.425637E-04	
    1.292058E-03	   -1.417401E-04	
    1.781075E-03	   -1.404058E-04	
    2.332812E-03	   -1.383906E-04	
    2.950407E-03	   -1.354935E-04	
    3.634770E-03	   -1.314921E-04	
    4.383489E-03	   -1.261617E-04	
    5.189653E-03	   -1.193094E-04	
    6.040811E-03	   -1.108219E-04	
    6.918439E-03	   -1.007232E-04	
    7.798365E-03	   -8.922456E-05	
    8.652519E-03	   -7.674727E-05	
    9.452042E-03	   -6.389371E-05	
    1.017126E-02	   -5.136088E-05	
    1.079154E-02	   -3.981423E-05	
    1.130376E-02	   -2.976364E-05	
    1.170882E-02	   -2.148569E-05	
    1.201595E-02	   -1.501465E-05	
    1.223979E-02	   -1.019297E-05	
    1.239712E-02	   -6.750822E-06	
    1.250418E-02	   -4.383068E-06	
    1.257507E-02	   -2.804303E-06	
    1.262095E-02	   -1.777665E-06	
    1.263721E-02	   -1.412859E-06	
   -1.263725E-02	   -2.704271E-06	
   -1.262100E-02	   -3.402528E-06	
   -1.257515E-02	   -5.367569E-06	
   -1.250431E-02	   -8.389432E-06	
   -1.239731E-02	   -1.292151E-05	
   -1.224009E-02	   -1.951016E-05	
   -1.201638E-02	   -2.873958E-05	
   -1.170942E-02	   -4.112644E-05	
   -1.130456E-02	   -5.697265E-05	
   -1.079255E-02	   -7.621299E-05	
   -1.017250E-02	   -9.831845E-05	
   -9.453472E-03	   -1.223133E-04	
   -8.654091E-03	   -1.469236E-04	
   -7.800012E-03	   -1.708150E-04	
   -6.920088E-03	   -1.928336E-04	
   -6.042396E-03	   -2.121726E-04	
   -5.191119E-03	   -2.284267E-04	
   -4.384798E-03	   -2.415501E-04	
   -3.635901E-03	   -2.517588E-04	
   -2.951353E-03	   -2.594224E-04	
   -2.333576E-03	   -2.649711E-04	
   -1.781667E-03	   -2.688310E-04	
   -1.292491E-03	   -2.713866E-04	
   -8.615756E-04	   -2.729640E-04	
   -4.837744E-04	   -2.738278E-04	
   -1.537412E-04	   -2.741853E-04	
    1.537412E-04	   -2.741853E-04	
    4.837744E-04	   -2.738278E-04	
    8.615756E-04	   -2.729640E-04	
    1.292491E-03	   -2.713866E-04	
    1.781667E-03	   -2.688310E-04	
    2.333576E-03	   -2.649711E-04	
    2.951353E-03	   -2.594224E-04	
    3.635901E-03	   -2.517588E-04	
    4.384798E-03	   -2.415501E-04	
    5.191119E-03	   -2.284267E-04	
    6.042396E-03	   -2.121726E-04	
    6.920088E-03	   -1.928336E-04	
    7.800012E-03	   -1.708150E-04	
    8.654091E-03	   -1.469236E-04	
    9.453472E-03	   -1.223133E-04	
    1.017250E-02	   -9.831845E-05	
    1.079255E-02	   -7.621299E-05	
    1.130456E-02	   -5.697265E-05	
    1.170942E-02	   -4.112644E-05	
    1.201638E-02	   -2.873958E-05	
    1.224009E-02	   -1.951016E-05	
    1.239731E-02	   -1.292151E-05	
    1.250431E-02	   -8.389432E-06	
    1.257515E-02	   -5.367569E-06	
    1.262100E-02	   -3.402528E-06	
    1.263725E-02	   -2.704271E-06	
   -1.263735E-02	   -4.381075E-06	
   -1.262112E-02	   -5.512303E-06	
   -1.257534E-02	   -8.695838E-06	
   -1.250460E-02	   -1.359158E-05	
   -1.239776E-02	   -2.093419E-05	
   -1.224075E-02	   -3.160907E-05	
   -1.201734E-02	   -4.656314E-05	
   -1.171075E-02	   -6.663431E-05	
   -1.130634E-02	   -9.231286E-05	
   -1.079483E-02	   -1.234946E-04	
   -1.017527E-02	   -1.593237E-04	
   -9.456670E-03	   -1.982202E-04	
   -8.657609E-03	   -2.381198E-04	
   -7.803698E-03	   -2.768589E-04	
   -6.923780E-03	   -3.125660E-04	
   -6.045943E-03	   -3.439312E-04	
   -5.194400E-03	   -3.702957E-04	
   -4.387729E-03	   -3.915838E-04	
   -3.638434E-03	   -4.081450E-04	
   -2.953472E-03	   -4.205780E-04	
   -2.335287E-03	   -4.295801E-04	
   -1.782992E-03	   -4.358425E-04	
   -1.293462E-03	   -4.399889E-04	
   -8.622265E-04	   -4.425483E-04	
   -4.841410E-04	   -4.439498E-04	
   -1.538579E-04	   -4.445299E-04	
    1.538579E-04	   -4.445299E-04	
    4.841410E-04	   -4.439498E-04	
    8.622265E-04	   -4.425483E-04	
    1.293462E-03	   -4.399889E-04	
    1.782992E-03	   -4.358425E-04	
    2.335287E-03	   -4.295801E-04	
    2.953472E-03	   -4.205780E-04	
    3.638434E-03	   -4.081450E-04	
    4.387729E-03	   -3.915838E-04	
    5.194400E-03	   -3.702957E-04	
    6.045943E-03	   -3.439312E-04	
    6.923780E-03	   -3.125660E-04	
    7.803698E-03	   -2.768589E-04	
    8.657609E-03	   -2.381198E-04	
    9.456670E-03	   -1.982202E-04	
    1.017527E-02	   -1.593237E-04	
    1.079483E-02	   -1.234946E-04	
    1.130634E-02	   -9.231286E-05	
    1.171075E-02	   -6.663431E-05	
    1.201734E-02	   -4.656314E-05	
    1.224075E-02	   -3.160907E-05	
    1.239776E-02	   -2.093419E-05	
    1.250460E-02	   -1.359158E-05	
    1.257534E-02	   -8.695838E-06	
    1.262112E-02	   -5.512303E-06	
    1.263735E-02	   -4.381075E-06	
   -1.263754E-02	   -6.534757E-06	
   -1.262136E-02	   -8.222114E-06	
   -1.257571E-02	   -1.297079E-05	
   -1.250518E-02	   -2.027366E-05	
   -1.239864E-02	   -3.122693E-05	
   -1.224206E-02	   -4.715204E-05	
   -1.201923E-02	   -6.946292E-05	
   -1.171339E-02	   -9.941185E-05	
   -1.130987E-02	   -1.377337E-04	
   -1.079934E-02	   -1.842773E-04	
   -1.018076E-02	   -2.377700E-04	
   -9.463020E-03	   -2.958569E-04	
   -8.664593E-03	   -3.554577E-04	
   -7.811019E-03	   -4.133405E-04	
   -6.931114E-03	   -4.667064E-04	
   -6.052991E-03	   -5.135938E-04	
   -5.200920E-03	   -5.530135E-04	
   -4.393553E-03	   -5.848481E-04	
   -3.643468E-03	   -6.096173E-04	
   -2.957683E-03	   -6.282140E-04	
   -2.338688E-03	   -6.416800E-04	
   -1.785627E-03	   -6.510482E-04	
   -1.295392E-03	   -6.572512E-04	
   -8.635201E-04	   -6.610801E-04	
   -4.848697E-04	   -6.631768E-04	
   -1.540898E-04	   -6.640447E-04	
    1.540898E-04	   -6.640447E-04	
    4.848697E-04	   -6.631768E-04	
    8.635201E-04	   -6.610801E-04	
    1.295392E-03	   -6.572512E-04	
    1.785627E-03	   -6.510482E-04	
    2.338688E-03	   -6.416800E-04	
    2.957683E-03	   -6.282140E-04	
    3.643468E-03	   -6.096173E-04	
    4.393553E-03	   -5.848481E-04	
    5.200920E-03	   -5.530135E-04	
    6.052991E-03	   -5.135938E-04	
    6.931114E-03	   -4.667064E-04	
    7.811019E-03	   -4.133405E-04	
    8.664593E-03	   -3.554577E-04	
    9.463020E-03	   -2.958569E-04	
    1.018076E-02	   -2.377700E-04	
    1.079934E-02	   -1.842773E-04	
    1.130987E-02	   -1.377337E-04	
    1.171339E-02	   -9.941185E-05	
    1.201923E-02	   -6.946292E-05	
    1.224206E-02	   -4.715204E-05	
    1.239864E-02	   -3.122693E-05	
    1.250518E-02	   -2.027366E-05	
    1.257571E-02	   -1.297079E-05	
    1.262136E-02	   -8.222114E-06	
    1.263754E-02	   -6.534757E-06	
   -1.263788E-02	   -9.261238E-06	
   -1.262179E-02	   -1.165269E-05	
   -1.257639E-02	   -1.838306E-05	
   -1.250624E-02	   -2.873404E-05	
   -1.240025E-02	   -4.426023E-05	
   -1.224447E-02	   -6.683650E-05	
   -1.202272E-02	   -9.847064E-05	
   -1.171825E-02	   -1.409439E-04	
   -1.131638E-02	   -1.953070E-04	
   -1.080766E-02	   -2.613568E-04	
   -1.019088E-02	   -3.372999E-04	
   -9.474725E-03	   -4.198036E-04	
   -8.677472E-03	   -5.044995E-04	
   -7.824523E-03	   -5.867943E-04	
   -6.944647E-03	   -6.627025E-04	
   -6.065999E-03	   -7.294236E-04	
   -5.212957E-03	   -7.855385E-04	
   -4.404308E-03	   -8.308692E-04	
   -3.652766E-03	   -8.661476E-04	
   -2.965462E-03	   -8.926394E-04	
   -2.344971E-03	   -9.118248E-04	
   -1.790494E-03	   -9.251732E-04	
   -1.298956E-03	   -9.340123E-04	
   -8.659103E-04	   -9.394686E-04	
   -4.862160E-04	   -9.424564E-04	
   -1.545182E-04	   -9.436933E-04	
    1.545182E-04	   -9.436933E-04	
    4.862160E-04	   -9.424564E-04	
    8.659103E-04	   -9.394686E-04	
    1.298956E-03	   -9.340123E-04	
    1.790494E-03	   -9.251732E-04	
    2.344971E-03	   -9.118248E-04	
    2.965462E-03	   -8.926394E-04	
    3.652766E-03	   -8.661476E-04	
    4.404308E-03	   -8.308692E-04	
    5.212957E-03	   -7.855385E-04	
    6.065999E-03	   -7.294236E-04	
    6.944647E-03	   -6.627025E-04	
    7.824523E-03	   -5.867943E-04	
    8.677472E-03	   -5.044995E-04	
    9.474725E-03	   -4.198036E-04	
    1.019088E-02	   -3.372999E-04	
    1.080766E-02	   -2.613568E-04	
    1.131638E-02	   -1.953070E-04	
    1.171825E-02	   -1.409439E-04	
    1.202272E-02	   -9.847064E-05	
    1.224447E-02	   -6.683650E-05	
    1.240025E-02	   -4.426023E-05	
    1.250624E-02	   -2.873404E-05	
    1.257639E-02	   -1.838306E-05	
    1.262179E-02	   -1.165269E-05	
    1.263788E-02	   -9.261238E-06	
   -1.263848E-02	   -1.264762E-05	
   -1.262254E-02	   -1.591370E-05	
   -1.257757E-02	   -2.510601E-05	
   -1.250808E-02	   -3.924458E-05	
   -1.240306E-02	   -6.045484E-05	
   -1.224866E-02	   -9.130220E-05	
   -1.202878E-02	   -1.345379E-04	
   -1.172671E-02	   -1.926098E-04	
   -1.132769E-02	   -2.669752E-04	
   -1.082212E-02	   -3.573829E-04	
   -1.020848E-02	   -4.614078E-04	
   -9.495108E-03	   -5.745113E-04	
   -8.699916E-03	   -6.907194E-04	
   -7.848072E-03	   -8.037298E-04	
   -6.968262E-03	   -9.080545E-04	
   -6.088710E-03	   -9.998201E-04	
   -5.233982E-03	   -1.077047E-03	
   -4.423101E-03	   -1.139465E-03	
   -3.669017E-03	   -1.188061E-03	
   -2.979060E-03	   -1.224566E-03	
   -2.355956E-03	   -1.251008E-03	
   -1.799005E-03	   -1.269409E-03	
   -1.305190E-03	   -1.281595E-03	
   -8.700903E-04	   -1.289118E-03	
   -4.885707E-04	   -1.293238E-03	
   -1.552675E-04	   -1.294943E-03	
    1.552675E-04	   -1.294943E-03	
    4.885707E-04	   -1.293238E-03	
    8.700903E-04	   -1.289118E-03	
    1.305190E-03	   -1.281595E-03	
    1.799005E-03	   -1.269409E-03	
    2.355956E-03	   -1.251008E-03	
    2.979060E-03	   -1.224566E-03	
    3.669017E-03	   -1.188061E-03	
    4.423101E-03	   -1.139465E-03	
    5.233982E-03	   -1.077047E-03	
    6.088710E-03	   -9.998201E-04	
    6.968262E-03	   -9.080545E-04	
    7.848072E-03	   -8.037298E-04	
    8.699916E-03	   -6.907194E-04	
    9.495108E-03	   -5.745113E-04	
    1.020848E-02	   -4.614078E-04	
    1.082212E-02	   -3.573829E-04	
    1.132769E-02	   -2.669752E-04	
    1.172671E-02	   -1.926098E-04	
    1.202878E-02	   -1.345379E-04	
    1.224866E-02	   -9.130220E-05	
    1.240306E-02	   -6.045484E-05	
    1.250808E-02	   -3.924458E-05	
    1.257757E-02	   -2.510601E-05	
    1.262254E-02	   -1.591370E-05	
    1.263848E-02	   -1.264762E-05	
   -1.263946E-02	   -1.675019E-05	
   -1.262378E-02	   -2.107614E-05	
   -1.257952E-02	   -3.325234E-05	
   -1.251110E-02	   -5.198308E-05	
   -1.240768E-02	   -8.008852E-05	
   -1.225555E-02	   -1.209771E-04	
   -1.203876E-02	   -1.783127E-04	
   -1.174065E-02	   -2.553711E-04	
   -1.134637E-02	   -3.541307E-04	
   -1.084602E-02	   -4.743173E-04	
   -1.023761E-02	   -6.127728E-04	
   -9.528861E-03	   -7.635139E-04	
   -8.737124E-03	   -9.186126E-04	
   -7.887156E-03	   -1.069658E-03	
   -7.007493E-03	   -1.209282E-03	
   -6.126476E-03	   -1.332246E-03	
   -5.268970E-03	   -1.435838E-03	
   -4.454395E-03	   -1.519638E-03	
   -3.696090E-03	   -1.584926E-03	
   -3.001723E-03	   -1.633995E-03	
   -2.374269E-03	   -1.669553E-03	
   -1.813196E-03	   -1.694304E-03	
   -1.315585E-03	   -1.710699E-03	
   -8.770612E-04	   -1.720821E-03	
   -4.924975E-04	   -1.726364E-03	
   -1.565171E-04	   -1.728659E-03	
    1.565171E-04	   -1.728659E-03	
    4.924975E-04	   -1.726364E-03	
    8.770612E-04	   -1.720821E-03	
    1.315585E-03	   -1.710699E-03	
    1.813196E-03	   -1.694304E-03	
    2.374269E-03	   -1.669553E-03	
    3.001723E-03	   -1.633995E-03	
    3.696090E-03	   -1.584926E-03	
    4.454395E-03	   -1.519638E-03	
    5.268970E-03	   -1.435838E-03	
    6.126476E-03	   -1.332246E-03	
    7.007493E-03	   -1.209282E-03	
    7.887156E-03	   -1.069658E-03	
    8.737124E-03	   -9.186126E-04	
    9.528861E-03	   -7.635139E-04	
    1.023761E-02	   -6.127728E-04	
    1.084602E-02	   -4.743173E-04	
    1.134637E-02	   -3.541307E-04	
    1.174065E-02	   -2.553711E-04	
    1.203876E-02	   -1.783127E-04	
    1.225555E-02	   -1.209771E-04	
    1.240768E-02	   -8.008852E-05	
    1.251110E-02	   -5.198308E-05	
    1.257952E-02	   -3.325234E-05	
    1.262378E-02	   -2.107614E-05	
    1.263946E-02	   -1.675019E-05	
   -1.264100E-02	   -2.156430E-05	
   -1.262571E-02	   -2.713440E-05	
   -1.258256E-02	   -4.281440E-05	
   -1.251583E-02	   -6.694049E-05	
   -1.241491E-02	   -1.031540E-04	
   -1.226634E-02	   -1.558647E-04	
   -1.205438E-02	   -2.298308E-04	
   -1.176248E-02	   -3.293376E-04	
   -1.137565E-02	   -4.570310E-04	
   -1.088355E-02	   -6.126771E-04	
   -1.028341E-02	   -7.923206E-04	
   -9.582039E-03	   -9.883178E-04	
   -8.795856E-03	   -1.190432E-03	
   -7.948960E-03	   -1.387706E-03	
   -7.069635E-03	   -1.570451E-03	
   -6.186383E-03	   -1.731703E-03	
   -5.324541E-03	   -1.867775E-03	
   -4.504147E-03	   -1.978001E-03	
   -3.739167E-03	   -2.063973E-03	
   -3.037803E-03	   -2.128641E-03	
   -2.403436E-03	   -2.175533E-03	
   -1.835805E-03	   -2.208187E-03	
   -1.332150E-03	   -2.229823E-03	
   -8.881706E-04	   -2.243184E-03	
   -4.987562E-04	   -2.250502E-03	
   -1.585088E-04	   -2.253532E-03	
    1.585088E-04	   -2.253532E-03	
    4.987562E-04	   -2.250502E-03	
    8.881706E-04	   -2.243184E-03	
    1.332150E-03	   -2.229823E-03	
    1.835805E-03	   -2.208187E-03	
    2.403436E-03	   -2.175533E-03	
    3.037803E-03	   -2.128641E-03	
    3.739167E-03	   -2.063973E-03	
    4.504147E-03	   -1.978001E-03	
    5.324541E-03	   -1.867775E-03	
    6.186383E-03	   -1.731703E-03	
    7.069635E-03	   -1.570451E-03	
    7.948960E-03	   -1.387706E-03	
    8.795856E-03	   -1.190432E-03	
    9.582039E-03	   -9.883178E-04	
    1.028341E-02	   -7.923206E-04	
    1.088355E-02	   -6.126771E-04	
    1.137565E-02	   -4.570310E-04	
    1.176248E-02	   -3.293376E-04	
    1.205438E-02	   -2.298308E-04	
    1.226634E-02	   -1.558647E-04	
    1.241491E-02	   -1.031540E-04	
    1.251583E-02	   -6.694049E-05	
    1.258256E-02	   -4.281440E-05	
    1.262571E-02	   -2.713440E-05	
    1.264100E-02	   -2.156430E-05	
   -1.264327E-02	   -2.699198E-05	
   -1.262857E-02	   -3.396563E-05	
   -1.258705E-02	   -5.360016E-05	
   -1.252282E-02	   -8.382092E-05	
   -1.242559E-02	   -1.292054E-04	
   -1.228229E-02	   -1.953140E-04	
   -1.207751E-02	   -2.881787E-04	
   -1.179484E-02	   -4.132909E-04	
   -1.141913E-02	   -5.741477E-04	
   -1.093938E-02	   -7.706820E-04	
   -1.035174E-02	   -9.981557E-04	
   -9.661586E-03	   -1.247120E-03	
   -8.883959E-03	   -1.504716E-03	
   -8.041929E-03	   -1.756987E-03	
   -7.163353E-03	   -1.991430E-03	
   -6.276936E-03	   -2.198900E-03	
   -5.408699E-03	   -2.374415E-03	
   -4.579610E-03	   -2.516888E-03	
   -3.804584E-03	   -2.628195E-03	
   -3.092645E-03	   -2.712028E-03	
   -2.447799E-03	   -2.772874E-03	
   -1.870209E-03	   -2.815274E-03	
   -1.357365E-03	   -2.843380E-03	
   -9.050841E-04	   -2.860742E-03	
   -5.082856E-04	   -2.870253E-03	
   -1.615415E-04	   -2.874191E-03	
    1.615415E-04	   -2.874191E-03	
    5.082856E-04	   -2.870253E-03	
    9.050841E-04	   -2.860742E-03	
    1.357365E-03	   -2.843380E-03	
    1.870209E-03	   -2.815274E-03	
    2.447799E-03	   -2.772874E-03	
    3.092645E-03	   -2.712028E-03	
    3.804584E-03	   -2.628195E-03	
    4.579610E-03	   -2.516888E-03	
    5.408699E-03	   -2.374415E-03	
    6.276936E-03	   -2.198900E-03	
    7.163353E-03	   -1.991430E-03	
    8.041929E-03	   -1.756987E-03	
    8.883959E-03	   -1.504716E-03	
    9.661586E-03	   -1.247120E-03	
    1.035174E-02	   -9.981557E-04	
    1.093938E-02	   -7.706820E-04	
    1.141913E-02	   -5.741477E-04	
    1.179484E-02	   -4.132909E-04	
    1.207751E-02	   -2.881787E-04	
    1.228229E-02	   -1.953140E-04	
    1.242559E-02	   -1.292054E-04	
    1.252282E-02	   -8.382092E-05	
    1.258705E-02	   -5.360016E-05	
    1.262857E-02	   -3.396563E-05	
    1.264327E-02	   -2.699198E-05	
   -1.264643E-02	   -3.282126E-05	
   -1.263253E-02	   -4.130362E-05	
   -1.259328E-02	   -6.519185E-05	
   -1.253252E-02	   -1.019767E-04	
   -1.244043E-02	   -1.572574E-04	
   -1.230448E-02	   -2.378645E-04	
   -1.210974E-02	   -3.512621E-04	
   -1.184003E-02	   -5.043461E-04	
   -1.148000E-02	   -7.016888E-04	
   -1.101779E-02	   -9.436029E-04	
   -1.044804E-02	   -1.224707E-03	
   -9.774150E-03	   -1.533738E-03	
   -9.009143E-03	   -1.854999E-03	
   -8.174560E-03	   -2.171126E-03	
   -7.297554E-03	   -2.466257E-03	
   -6.407035E-03	   -2.728520E-03	
   -5.529952E-03	   -2.951191E-03	
   -4.688583E-03	   -3.132486E-03	
   -3.899219E-03	   -3.274464E-03	
   -3.172088E-03	   -3.381594E-03	
   -2.512125E-03	   -3.459455E-03	
   -1.920127E-03	   -3.513766E-03	
   -1.393966E-03	   -3.549791E-03	
   -9.296430E-04	   -3.572055E-03	
   -5.221247E-04	   -3.584254E-03	
   -1.659460E-04	   -3.589306E-03	
    1.659460E-04	   -3.589306E-03	
    5.221247E-04	   -3.584254E-03	
    9.296430E-04	   -3.572055E-03	
    1.393966E-03	   -3.549791E-03	
    1.920127E-03	   -3.513766E-03	
    2.512125E-03	   -3.459455E-03	
    3.172088E-03	   -3.381594E-03	
    3.899219E-03	   -3.274464E-03	
    4.688583E-03	   -3.132486E-03	
    5.529952E-03	   -2.951191E-03	
    6.407035E-03	   -2.728520E-03	
    7.297554E-03	   -2.466257E-03	
    8.174560E-03	   -2.171126E-03	
    9.009143E-03	   -1.854999E-03	
    9.774150E-03	   -1.533738E-03	
    1.044804E-02	   -1.224707E-03	
    1.101779E-02	   -9.436029E-04	
    1.148000E-02	   -7.016888E-04	
    1.184003E-02	   -5.043461E-04	
    1.210974E-02	   -3.512621E-04	
    1.230448E-02	   -2.378645E-04	
    1.244043E-02	   -1.572574E-04	
    1.253252E-02	   -1.019767E-04	
    1.259328E-02	   -6.519185E-05	
    1.263253E-02	   -4.130362E-05	
    1.264643E-02	   -3.282126E-05	
   -1.265052E-02	   -3.873543E-05	
   -1.263768E-02	   -4.875034E-05	
   -1.260138E-02	   -7.696357E-05	
   -1.254513E-02	   -1.204344E-04	
   -1.245975E-02	   -1.858223E-04	
   -1.233341E-02	   -2.812950E-04	
   -1.215183E-02	   -4.158635E-04	
   -1.189921E-02	   -5.980074E-04	
   -1.155998E-02	   -8.336286E-04	
   -1.112127E-02	   -1.123730E-03	
   -1.057576E-02	   -1.462586E-03	
   -9.924243E-03	   -1.837309E-03	
   -9.177007E-03	   -2.229327E-03	
   -8.353398E-03	   -2.617558E-03	
   -7.479448E-03	   -2.982244E-03	
   -6.584185E-03	   -3.308146E-03	
   -5.695703E-03	   -3.586211E-03	
   -4.838024E-03	   -3.813538E-03	
   -4.029321E-03	   -3.992152E-03	
   -3.281510E-03	   -4.127268E-03	
   -2.600847E-03	   -4.225655E-03	
   -1.989045E-03	   -4.294375E-03	
   -1.444530E-03	   -4.340001E-03	
   -9.635836E-04	   -4.368214E-03	
   -5.412546E-04	   -4.383679E-03	
   -1.720349E-04	   -4.390085E-03	
    1.720349E-04	   -4.390085E-03	
    5.412546E-04	   -4.383679E-03	
    9.635836E-04	   -4.368214E-03	
    1.444530E-03	   -4.340001E-03	
    1.989045E-03	   -4.294375E-03	
    2.600847E-03	   -4.225655E-03	
    3.281510E-03	   -4.127268E-03	
    4.029321E-03	   -3.992152E-03	
    4.838024E-03	   -3.813538E-03	
    5.695703E-03	   -3.586211E-03	
    6.584185E-03	   -3.308146E-03	
    7.479448E-03	   -2.982244E-03	
    8.353398E-03	   -2.617558E-03	
    9.177007E-03	   -2.229327E-03	
    9.924243E-03	   -1.837309E-03	
    1.057576E-02	   -1.462586E-03	
    1.112127E-02	   -1.123730E-03	
    1.155998E-02	   -8.336286E-04	
    1.189921E-02	   -5.980074E-04	
    1.215183E-02	   -4.158635E-04	
    1.233341E-02	   -2.812950E-04	
    1.245975E-02	   -1.858223E-04	
    1.254513E-02	   -1.204344E-04	
    1.260138E-02	   -7.696357E-05	
    1.263768E-02	   -4.875034E-05	
    1.265052E-02	   -3.873543E-05	
   -1.265548E-02	   -4.436387E-05	
   -1.264391E-02	   -5.583965E-05	
   -1.261120E-02	   -8.818085E-05	
   -1.256043E-02	   -1.380482E-04	
   -1.248322E-02	   -2.131404E-04	
   -1.236861E-02	   -3.229613E-04	
   -1.220317E-02	   -4.781153E-04	
   -1.197164E-02	   -6.887993E-04	
   -1.165830E-02	   -9.625018E-04	
   -1.124916E-02	   -1.301302E-03	
   -1.073460E-02	   -1.699599E-03	
   -1.011220E-02	   -2.143292E-03	
   -9.388756E-03	   -2.611148E-03	
   -8.580622E-03	   -3.078242E-03	
   -7.712127E-03	   -3.520453E-03	
   -6.812172E-03	   -3.918493E-03	
   -5.910126E-03	   -4.260260E-03	
   -5.032167E-03	   -4.541151E-03	
   -4.198904E-03	   -4.762795E-03	
   -3.424498E-03	   -4.931018E-03	
   -2.716998E-03	   -5.053814E-03	
   -2.079384E-03	   -5.139736E-03	
   -1.510867E-03	   -5.196851E-03	
   -1.008135E-03	   -5.232196E-03	
   -5.663723E-04	   -5.251580E-03	
   -1.800306E-04	   -5.259610E-03	
    1.800306E-04	   -5.259610E-03	
    5.663723E-04	   -5.251580E-03	
    1.008135E-03	   -5.232196E-03	
    1.510867E-03	   -5.196851E-03	
    2.079384E-03	   -5.139736E-03	
    2.716998E-03	   -5.053814E-03	
    3.424498E-03	   -4.931018E-03	
    4.198904E-03	   -4.762795E-03	
    5.032167E-03	   -4.541151E-03	
    5.910126E-03	   -4.260260E-03	
    6.812172E-03	   -3.918493E-03	
    7.712127E-03	   -3.520453E-03	
    8.580622E-03	   -3.078242E-03	
    9.388756E-03	   -2.611148E-03	
    1.011220E-02	   -2.143292E-03	
    1.073460E-02	   -1.699599E-03	
    1.124916E-02	   -1.301302E-03	
    1.165830E-02	   -9.625018E-04	
    1.197164E-02	   -6.887993E-04	
    1.220317E-02	   -4.781153E-04	
    1.236861E-02	   -3.229613E-04	
    1.248322E-02	   -2.131404E-04	
    1.256043E-02	   -1.380482E-04	
    1.261120E-02	   -8.818085E-05	
    1.264391E-02	   -5.583965E-05	
    1.265548E-02	   -4.436387E-05	
   -1.266108E-02	   -4.936445E-05	
   -1.265095E-02	   -6.214086E-05	
   -1.262229E-02	   -9.816324E-05	
   -1.257773E-02	   -1.537522E-04	
   -1.250979E-02	   -2.375647E-04	
   -1.240853E-02	   -3.603654E-04	
   -1.226157E-02	   -5.343172E-04	
   -1.205436E-02	   -7.713939E-04	
   -1.177118E-02	   -1.080884E-03	
   -1.139691E-02	   -1.466352E-03	
   -1.091949E-02	   -1.922897E-03	
   -1.033284E-02	   -2.435838E-03	
   -9.639522E-03	   -2.981755E-03	
   -8.852098E-03	   -3.532019E-03	
   -7.992451E-03	   -4.057862E-03	
   -7.088918E-03	   -4.535303E-03	
   -6.172096E-03	   -4.948400E-03	
   -5.270624E-03	   -5.290124E-03	
   -4.408070E-03	   -5.561185E-03	
   -3.601424E-03	   -5.767756E-03	
   -2.861053E-03	   -5.919005E-03	
   -2.191607E-03	   -6.025066E-03	
   -1.593364E-03	   -6.095676E-03	
   -1.063576E-03	   -6.139414E-03	
   -5.976412E-04	   -6.163414E-03	
   -1.899859E-04	   -6.173360E-03	
    1.899859E-04	   -6.173360E-03	
    5.976412E-04	   -6.163414E-03	
    1.063576E-03	   -6.139414E-03	
    1.593364E-03	   -6.095676E-03	
    2.191607E-03	   -6.025066E-03	
    2.861053E-03	   -5.919005E-03	
    3.601424E-03	   -5.767756E-03	
    4.408070E-03	   -5.561185E-03	
    5.270624E-03	   -5.290124E-03	
    6.172096E-03	   -4.948400E-03	
    7.088918E-03	   -4.535303E-03	
    7.992451E-03	   -4.057862E-03	
    8.852098E-03	   -3.532019E-03	
    9.639522E-03	   -2.981755E-03	
    1.033284E-02	   -2.435838E-03	
    1.091949E-02	   -1.922897E-03	
    1.139691E-02	   -1.466352E-03	
    1.177118E-02	   -1.080884E-03	
    1.205436E-02	   -7.713939E-04	
    1.226157E-02	   -5.343172E-04	
    1.240853E-02	   -3.603654E-04	
    1.250979E-02	   -2.375647E-04	
    1.257773E-02	   -1.537522E-04	
    1.262229E-02	   -9.816324E-05	
    1.265095E-02	   -6.214086E-05	
    1.266108E-02	   -4.936445E-05	
   -1.266697E-02	   -5.350438E-05	
   -1.265837E-02	   -6.736040E-05	
   -1.263398E-02	   -1.064446E-04	
   -1.259599E-02	   -1.668107E-04	
   -1.253786E-02	   -2.579457E-04	
   -1.245082E-02	   -3.917360E-04	
   -1.232363E-02	   -5.817877E-04	
   -1.214263E-02	   -8.418175E-04	
   -1.189232E-02	   -1.183038E-03	
   -1.155662E-02	   -1.610849E-03	
   -1.112103E-02	   -2.121639E-03	
   -1.057562E-02	   -2.700893E-03	
   -9.918239E-03	   -3.323716E-03	
   -9.156908E-03	   -3.958208E-03	
   -8.310262E-03	   -4.570934E-03	
   -7.405448E-03	   -5.132756E-03	
   -6.474019E-03	   -5.623142E-03	
   -5.547188E-03	   -6.031837E-03	
   -4.651881E-03	   -6.357998E-03	
   -3.808444E-03	   -6.607743E-03	
   -3.030081E-03	   -6.791255E-03	
   -2.323546E-03	   -6.920272E-03	
   -1.690479E-03	   -7.006316E-03	
   -1.128895E-03	   -7.059676E-03	
   -6.344972E-04	   -7.088976E-03	
   -2.017223E-04	   -7.101121E-03	
    2.017223E-04	   -7.101121E-03	
    6.344972E-04	   -7.088976E-03	
    1.128895E-03	   -7.059676E-03	
    1.690479E-03	   -7.006316E-03	
    2.323546E-03	   -6.920272E-03	
    3.030081E-03	   -6.791255E-03	
    3.808444E-03	   -6.607743E-03	
    4.651881E-03	   -6.357998E-03	
    5.547188E-03	   -6.031837E-03	
    6.474019E-03	   -5.623142E-03	
    7.405448E-03	   -5.132756E-03	
    8.310262E-03	   -4.570934E-03	
    9.156908E-03	   -3.958208E-03	
    9.918239E-03	   -3.323716E-03	
    1.057562E-02	   -2.700893E-03	
    1.112103E-02	   -2.121639E-03	
    1.155662E-02	   -1.610849E-03	
    1.189232E-02	   -1.183038E-03	
    1.214263E-02	   -8.418175E-04	
    1.232363E-02	   -5.817877E-04	
    1.245082E-02	   -3.917360E-04	
    1.253786E-02	   -2.579457E-04	
    1.259599E-02	   -1.668107E-04	
    1.263398E-02	   -1.064446E-04	
    1.265837E-02	   -6.736040E-05	
    1.266697E-02	   -5.350438E-05	
   -1.267279E-02	   -5.670192E-05	
   -1.266569E-02	   -7.139450E-05	
   -1.264553E-02	   -1.128573E-04	
   -1.261404E-02	   -1.769519E-04	
   -1.256568E-02	   -2.738418E-04	
   -1.249282E-02	   -4.163562E-04	
   -1.238548E-02	   -6.193662E-04	
   -1.223100E-02	   -8.982064E-04	
   -1.201431E-02	   -1.266018E-03	
   -1.171864E-02	   -1.730255E-03	
   -1.132730E-02	   -2.289084E-03	
   -1.082659E-02	   -2.928884E-03	
   -1.020948E-02	   -3.624114E-03	
   -9.478927E-03	   -4.340282E-03	
   -8.649595E-03	   -5.039587E-03	
   -7.746713E-03	   -5.687557E-03	
   -6.802310E-03	   -6.258504E-03	
   -5.850042E-03	   -6.738212E-03	
   -4.920381E-03	   -7.123599E-03	
   -4.037416E-03	   -7.420240E-03	
   -3.217628E-03	   -7.639072E-03	
   -2.470266E-03	   -7.793360E-03	
   -1.798637E-03	   -7.896459E-03	
   -1.201708E-03	   -7.960477E-03	
   -6.756026E-04	   -7.995656E-03	
   -2.148146E-04	   -8.010244E-03	
    2.148146E-04	   -8.010244E-03	
    6.756026E-04	   -7.995656E-03	
    1.201708E-03	   -7.960477E-03	
    1.798637E-03	   -7.896459E-03	
    2.470266E-03	   -7.793360E-03	
    3.217628E-03	   -7.639072E-03	
    4.037416E-03	   -7.420240E-03	
    4.920381E-03	   -7.123599E-03	
    5.850042E-03	   -6.738212E-03	
    6.802310E-03	   -6.258504E-03	
    7.746713E-03	   -5.687557E-03	
    8.649595E-03	   -5.039587E-03	
    9.478927E-03	   -4.340282E-03	
    1.020948E-02	   -3.624114E-03	
    1.082659E-02	   -2.928884E-03	
    1.132730E-02	   -2.289084E-03	
    1.171864E-02	   -1.730255E-03	
    1.201431E-02	   -1.266018E-03	
    1.223100E-02	   -8.982064E-04	
    1.238548E-02	   -6.193662E-04	
    1.249282E-02	   -4.163562E-04	
    1.256568E-02	   -2.738418E-04	
    1.261404E-02	   -1.769519E-04	
    1.264553E-02	   -1.128573E-04	
    1.266569E-02	   -7.139450E-05	
    1.267279E-02	   -5.670192E-05	
   -1.267822E-02	   -5.901441E-05	
   -1.267252E-02	   -7.431445E-05	
   -1.265632E-02	   -1.175098E-04	
   -1.263092E-02	   -1.843360E-04	
   -1.259171E-02	   -2.854782E-04	
   -1.253222E-02	   -4.345169E-04	
   -1.244366E-02	   -6.473771E-04	
   -1.231451E-02	   -9.408176E-04	
   -1.213025E-02	   -1.329796E-03	
   -1.187374E-02	   -1.823873E-03	
   -1.152649E-02	   -2.423298E-03	
   -1.107140E-02	   -3.115926E-03	
   -1.049667E-02	   -3.876360E-03	
   -9.800043E-03	   -4.668325E-03	
   -8.991693E-03	   -5.450232E-03	
   -8.094264E-03	   -6.182441E-03	
   -7.139646E-03	   -6.833845E-03	
   -6.163582E-03	   -7.385727E-03	
   -5.200034E-03	   -7.832156E-03	
   -4.277008E-03	   -8.177657E-03	
   -3.414548E-03	   -8.433586E-03	
   -2.624691E-03	   -8.614569E-03	
   -1.912658E-03	   -8.735757E-03	
   -1.278545E-03	   -8.811108E-03	
   -7.190037E-04	   -8.852547E-03	
   -2.286412E-04	   -8.869738E-03	
    2.286412E-04	   -8.869738E-03	
    7.190037E-04	   -8.852547E-03	
    1.278545E-03	   -8.811108E-03	
    1.912658E-03	   -8.735757E-03	
    2.624691E-03	   -8.614569E-03	
    3.414548E-03	   -8.433586E-03	
    4.277008E-03	   -8.177657E-03	
    5.200034E-03	   -7.832156E-03	
    6.163582E-03	   -7.385727E-03	
    7.139646E-03	   -6.833845E-03	
    8.094264E-03	   -6.182441E-03	
    8.991693E-03	   -5.450232E-03	
    9.800043E-03	   -4.668325E-03	
    1.049667E-02	   -3.876360E-03	
    1.107140E-02	   -3.115926E-03	
    1.152649E-02	   -2.423298E-03	
    1.187374E-02	   -1.823873E-03	
    1.213025E-02	   -1.329796E-03	
    1.231451E-02	   -9.408176E-04	
    1.244366E-02	   -6.473771E-04	
    1.253222E-02	   -4.345169E-04	
    1.259171E-02	   -2.854782E-04	
    1.263092E-02	   -1.843360E-04	
    1.265632E-02	   -1.175098E-04	
    1.267252E-02	   -7.431445E-05	
    1.267822E-02	   -5.901441E-05	
   -1.268304E-02	   -6.058844E-05	
   -1.267859E-02	   -7.630408E-05	
   -1.266590E-02	   -1.206895E-04	
   -1.264593E-02	   -1.894055E-04	
   -1.261490E-02	   -2.935206E-04	
   -1.256738E-02	   -4.471881E-04	
   -1.249575E-02	   -6.671726E-04	
   -1.238957E-02	   -9.714292E-04	
   -1.223502E-02	   -1.376533E-03	
   -1.201485E-02	   -1.894053E-03	
   -1.170921E-02	   -2.526410E-03	
   -1.129809E-02	   -3.263296E-03	
   -1.076539E-02	   -4.080083E-03	
   -1.010378E-02	   -4.939505E-03	
   -9.318747E-03	   -5.796925E-03	
   -8.429868E-03	   -6.608000E-03	
   -7.468296E-03	   -7.336292E-03	
   -6.471358E-03	   -7.958334E-03	
   -5.476225E-03	   -8.464924E-03	
   -4.514752E-03	   -8.859095E-03	
   -3.610632E-03	   -9.152272E-03	
   -2.778842E-03	   -9.360213E-03	
   -2.026665E-03	   -9.499739E-03	
   -1.355451E-03	   -9.586609E-03	
   -7.624684E-04	   -9.634421E-03	
   -2.424913E-04	   -9.654263E-03	
    2.424913E-04	   -9.654263E-03	
    7.624684E-04	   -9.634421E-03	
    1.355451E-03	   -9.586609E-03	
    2.026665E-03	   -9.499739E-03	
    2.778842E-03	   -9.360213E-03	
    3.610632E-03	   -9.152272E-03	
    4.514752E-03	   -8.859095E-03	
    5.476225E-03	   -8.464924E-03	
    6.471358E-03	   -7.958334E-03	
    7.468296E-03	   -7.336292E-03	
    8.429868E-03	   -6.608000E-03	
    9.318747E-03	   -5.796925E-03	
    1.010378E-02	   -4.939505E-03	
    1.076539E-02	   -4.080083E-03	
    1.129809E-02	   -3.263296E-03	
    1.170921E-02	   -2.526410E-03	
    1.201485E-02	   -1.894053E-03	
    1.223502E-02	   -1.376533E-03	
    1.238957E-02	   -9.714292E-04	
    1.249575E-02	   -6.671726E-04	
    1.256738E-02	   -4.471881E-04	
    1.261490E-02	   -2.935206E-04	
    1.264593E-02	   -1.894055E-04	
    1.266590E-02	   -1.206895E-04	
    1.267859E-02	   -7.630408E-05	
    1.268304E-02	   -6.058844E-05	
   -1.268715E-02	   -6.160222E-05	
   -1.268376E-02	   -7.758733E-05	
   -1.267408E-02	   -1.227484E-04	
   -1.265875E-02	   -1.927075E-04	
   -1.263473E-02	   -2.988043E-04	
   -1.259751E-02	   -4.556129E-04	
   -1.254050E-02	   -6.805446E-04	
   -1.245428E-02	   -9.925204E-04	
   -1.232577E-02	   -1.409490E-03	
   -1.213781E-02	   -1.944823E-03	
   -1.186960E-02	   -2.603025E-03	
   -1.149880E-02	   -3.375745E-03	
   -1.100557E-02	   -4.239528E-03	
   -1.037796E-02	   -5.156769E-03	
   -9.616933E-03	   -6.080546E-03	
   -8.738736E-03	   -6.962475E-03	
   -7.773322E-03	   -7.761176E-03	
   -6.759074E-03	   -8.448501E-03	
   -5.735931E-03	   -9.011798E-03	
   -4.739326E-03	   -9.452308E-03	
   -3.796483E-03	   -9.781217E-03	
   -2.925298E-03	   -1.001516E-02	
   -2.135156E-03	   -1.017244E-02	
   -1.428711E-03	   -1.027049E-02	
   -8.038949E-04	   -1.032450E-02	
   -2.556950E-04	   -1.034692E-02	
    2.556950E-04	   -1.034692E-02	
    8.038949E-04	   -1.032450E-02	
    1.428711E-03	   -1.027049E-02	
    2.135156E-03	   -1.017244E-02	
    2.925298E-03	   -1.001516E-02	
    3.796483E-03	   -9.781217E-03	
    4.739326E-03	   -9.452308E-03	
    5.735931E-03	   -9.011798E-03	
    6.759074E-03	   -8.448501E-03	
    7.773322E-03	   -7.761176E-03	
    8.738736E-03	   -6.962475E-03	
    9.616933E-03	   -6.080546E-03	
    1.037796E-02	   -5.156769E-03	
    1.100557E-02	   -4.239528E-03	
    1.149880E-02	   -3.375745E-03	
    1.186960E-02	   -2.603025E-03	
    1.213781E-02	   -1.944823E-03	
    1.232577E-02	   -1.409490E-03	
    1.245428E-02	   -9.925204E-04	
    1.254050E-02	   -6.805446E-04	
    1.259751E-02	   -4.556129E-04	
    1.263473E-02	   -2.988043E-04	
    1.265875E-02	   -1.927075E-04	
    1.267408E-02	   -1.227484E-04	
    1.268376E-02	   -7.758733E-05	
    1.268715E-02	   -6.160222E-05	
   -1.269054E-02	   -6.222267E-05	
   -1.268804E-02	   -7.837424E-05	
   -1.268084E-02	   -1.240177E-04	
   -1.266936E-02	   -1.947594E-04	
   -1.265116E-02	   -3.021253E-04	
   -1.262250E-02	   -4.609912E-04	
   -1.257769E-02	   -6.892530E-04	
   -1.250822E-02	   -1.006589E-03	
   -1.240172E-02	   -1.432075E-03	
   -1.224125E-02	   -1.980621E-03	
   -1.200537E-02	   -2.658606E-03	
   -1.166995E-02	   -3.459572E-03	
   -1.121208E-02	   -4.361416E-03	
   -1.061580E-02	   -5.326653E-03	
   -9.877882E-03	   -6.306754E-03	
   -9.011320E-03	   -7.250025E-03	
   -8.044578E-03	   -8.110735E-03	
   -7.016620E-03	   -8.856386E-03	
   -5.969658E-03	   -9.470940E-03	
   -4.942288E-03	   -9.953719E-03	
   -3.964976E-03	   -1.031545E-02	
   -3.058374E-03	   -1.057339E-02	
   -2.233882E-03	   -1.074712E-02	
   -1.495439E-03	   -1.085554E-02	
   -8.416476E-04	   -1.091531E-02	
   -2.677303E-04	   -1.094013E-02	
    2.677303E-04	   -1.094013E-02	
    8.416476E-04	   -1.091531E-02	
    1.495439E-03	   -1.085554E-02	
    2.233882E-03	   -1.074712E-02	
    3.058374E-03	   -1.057339E-02	
    3.964976E-03	   -1.031545E-02	
    4.942288E-03	   -9.953719E-03	
    5.969658E-03	   -9.470940E-03	
    7.016620E-03	   -8.856386E-03	
    8.044578E-03	   -8.110735E-03	
    9.011320E-03	   -7.250025E-03	
    9.877882E-03	   -6.306754E-03	
    1.061580E-02	   -5.326653E-03	
    1.121208E-02	   -4.361416E-03	
    1.166995E-02	   -3.459572E-03	
    1.200537E-02	   -2.658606E-03	
    1.224125E-02	   -1.980621E-03	
    1.240172E-02	   -1.432075E-03	
    1.250822E-02	   -1.006589E-03	
    1.257769E-02	   -6.892530E-04	
    1.262250E-02	   -4.609912E-04	
    1.265116E-02	   -3.021253E-04	
    1.266936E-02	   -1.947594E-04	
    1.268084E-02	   -1.240177E-04	
    1.268804E-02	   -7.837424E-05	
    1.269054E-02	   -6.222267E-05	
   -1.269328E-02	   -6.258414E-05	
   -1.269148E-02	   -7.883394E-05	
   -1.268629E-02	   -1.247648E-04	
   -1.267791E-02	   -1.959808E-04	
   -1.266441E-02	   -3.041332E-04	
   -1.264269E-02	   -4.643108E-04	
   -1.260780E-02	   -6.947665E-04	
   -1.255199E-02	   -1.015761E-03	
   -1.246355E-02	   -1.447264E-03	
   -1.232582E-02	   -2.005458E-03	
   -1.211698E-02	   -2.698326E-03	
   -1.181152E-02	   -3.521121E-03	
   -1.138409E-02	   -4.453091E-03	
   -1.081538E-02	   -5.457146E-03	
   -1.009853E-02	   -6.483686E-03	
   -9.243488E-03	   -7.478405E-03	
   -8.277156E-03	   -8.391895E-03	
   -7.238719E-03	   -9.187815E-03	
   -6.172173E-03	   -9.846995E-03	
   -5.118803E-03	   -1.036687E-02	
   -4.111923E-03	   -1.075758E-02	
   -3.174663E-03	   -1.103681E-02	
   -2.320271E-03	   -1.122516E-02	
   -1.553877E-03	   -1.134283E-02	
   -8.747253E-04	   -1.140773E-02	
   -2.782772E-04	   -1.143469E-02	
    2.782772E-04	   -1.143469E-02	
    8.747253E-04	   -1.140773E-02	
    1.553877E-03	   -1.134283E-02	
    2.320271E-03	   -1.122516E-02	
    3.174663E-03	   -1.103681E-02	
    4.111923E-03	   -1.075758E-02	
    5.118803E-03	   -1.036687E-02	
    6.172173E-03	   -9.846995E-03	
    7.238719E-03	   -9.187815E-03	
    8.277156E-03	   -8.391895E-03	
    9.243488E-03	   -7.478405E-03	
    1.009853E-02	   -6.483686E-03	
    1.081538E-02	   -5.457146E-03	
    1.138409E-02	   -4.453091E-03	
    1.181152E-02	   -3.521121E-03	
    1.211698E-02	   -2.698326E-03	
    1.232582E-02	   -2.005458E-03	
    1.246355E-02	   -1.447264E-03	
    1.255199E-02	   -1.015761E-03	
    1.260780E-02	   -6.947665E-04	
    1.264269E-02	   -4.643108E-04	
    1.266441E-02	   -3.041332E-04	
    1.267791E-02	   -1.959808E-04	
    1.268629E-02	   -1.247648E-04	
    1.269148E-02	   -7.883394E-05	
    1.269328E-02	   -6.258414E-05	
   -1.269544E-02	   -6.278402E-05	
   -1.269421E-02	   -7.908923E-05	
   -1.269060E-02	   -1.251845E-04	
   -1.268468E-02	   -1.966781E-04	
   -1.267490E-02	   -3.053053E-04	
   -1.265868E-02	   -4.663036E-04	
   -1.263168E-02	   -6.981870E-04	
   -1.258678E-02	   -1.021656E-03	
   -1.251284E-02	   -1.457379E-03	
   -1.239346E-02	   -2.022560E-03	
   -1.220662E-02	   -2.726506E-03	
   -1.192580E-02	   -3.565937E-03	
   -1.152375E-02	   -4.521348E-03	
   -1.097843E-02	   -5.556161E-03	
   -1.027992E-02	   -6.620101E-03	
   -9.435526E-03	   -7.656850E-03	
   -8.470614E-03	   -8.613997E-03	
   -7.424364E-03	   -9.451934E-03	
   -6.342135E-03	   -1.014874E-02	
   -5.267416E-03	   -1.070010E-02	
   -4.235938E-03	   -1.111553E-02	
   -3.272973E-03	   -1.141298E-02	
   -2.393388E-03	   -1.161389E-02	
   -1.603372E-03	   -1.173952E-02	
   -9.027525E-04	   -1.180884E-02	
   -2.872153E-04	   -1.183765E-02	
    2.872153E-04	   -1.183765E-02	
    9.027525E-04	   -1.180884E-02	
    1.603372E-03	   -1.173952E-02	
    2.393388E-03	   -1.161389E-02	
    3.272973E-03	   -1.141298E-02	
    4.235938E-03	   -1.111553E-02	
    5.267416E-03	   -1.070010E-02	
    6.342135E-03	   -1.014874E-02	
    7.424364E-03	   -9.451934E-03	
    8.470614E-03	   -8.613997E-03	
    9.435526E-03	   -7.656850E-03	
    1.027992E-02	   -6.620101E-03	
    1.097843E-02	   -5.556161E-03	
    1.152375E-02	   -4.521348E-03	
    1.192580E-02	   -3.565937E-03	
    1.220662E-02	   -2.726506E-03	
    1.239346E-02	   -2.022560E-03	
    1.251284E-02	   -1.457379E-03	
    1.258678E-02	   -1.021656E-03	
    1.263168E-02	   -6.981870E-04	
    1.265868E-02	   -4.663036E-04	
    1.267490E-02	   -3.053053E-04	
    1.268468E-02	   -1.966781E-04	
    1.269060E-02	   -1.251845E-04	
    1.269421E-02	   -7.908923E-05	
    1.269544E-02	   -6.278402E-05	
   -1.269713E-02	   -6.288778E-05	
   -1.269633E-02	   -7.922266E-05	
   -1.269396E-02	   -1.254079E-04	
   -1.268995E-02	   -1.970589E-04	
   -1.268308E-02	   -3.059666E-04	
   -1.267117E-02	   -4.674728E-04	
   -1.265034E-02	   -7.002809E-04	
   -1.261401E-02	   -1.025421E-03	
   -1.255148E-02	   -1.464102E-03	
   -1.244665E-02	   -2.034326E-03	
   -1.227733E-02	   -2.746469E-03	
   -1.201632E-02	   -3.598465E-03	
   -1.163489E-02	   -4.571889E-03	
   -1.110883E-02	   -5.630698E-03	
   -1.042573E-02	   -6.724204E-03	
   -9.590663E-03	   -7.794570E-03	
   -8.627618E-03	   -8.786992E-03	
   -7.575635E-03	   -9.659174E-03	
   -6.481091E-03	   -1.038686E-02	
   -5.389240E-03	   -1.096421E-02	
   -4.337801E-03	   -1.140012E-02	
   -3.353837E-03	   -1.171273E-02	
   -2.453588E-03	   -1.192410E-02	
   -1.644149E-03	   -1.205637E-02	
   -9.258499E-04	   -1.212938E-02	
   -2.945823E-04	   -1.215973E-02	
    2.945823E-04	   -1.215973E-02	
    9.258499E-04	   -1.212938E-02	
    1.644149E-03	   -1.205637E-02	
    2.453588E-03	   -1.192410E-02	
    3.353837E-03	   -1.171273E-02	
    4.337801E-03	   -1.140012E-02	
    5.389240E-03	   -1.096421E-02	
    6.481091E-03	   -1.038686E-02	
    7.575635E-03	   -9.659174E-03	
    8.627618E-03	   -8.786992E-03	
    9.590663E-03	   -7.794570E-03	
    1.042573E-02	   -6.724204E-03	
    1.110883E-02	   -5.630698E-03	
    1.163489E-02	   -4.571889E-03	
    1.201632E-02	   -3.598465E-03	
    1.227733E-02	   -2.746469E-03	
    1.244665E-02	   -2.034326E-03	
    1.255148E-02	   -1.464102E-03	
    1.261401E-02	   -1.025421E-03	
    1.265034E-02	   -7.002809E-04	
    1.267117E-02	   -4.674728E-04	
    1.268308E-02	   -3.059666E-04	
    1.268995E-02	   -1.970589E-04	
    1.269396E-02	   -1.254079E-04	
    1.269633E-02	   -7.922266E-05	
    1.269713E-02	   -6.288778E-05	
   -1.269842E-02	   -6.293687E-05	
   -1.269796E-02	   -7.928660E-05	
   -1.269655E-02	   -1.255186E-04	
   -1.269402E-02	   -1.972557E-04	
   -1.268939E-02	   -3.063264E-04	
   -1.268080E-02	   -4.681454E-04	
   -1.266475E-02	   -7.015541E-04	
   -1.263506E-02	   -1.027829E-03	
   -1.258141E-02	   -1.468588E-03	
   -1.248792E-02	   -2.042456E-03	
   -1.233236E-02	   -2.760650E-03	
   -1.208699E-02	   -3.622081E-03	
   -1.172195E-02	   -4.609225E-03	
   -1.121138E-02	   -5.686536E-03	
   -1.054088E-02	   -6.803083E-03	
   -9.713668E-03	   -7.899894E-03	
   -8.752564E-03	   -8.920293E-03	
   -7.696409E-03	   -9.819822E-03	
   -6.592333E-03	   -1.057230E-02	
   -5.486976E-03	   -1.117062E-02	
   -4.419656E-03	   -1.162312E-02	
   -3.418893E-03	   -1.194803E-02	
   -2.502058E-03	   -1.216791E-02	
   -1.676995E-03	   -1.230557E-02	
   -9.444609E-04	   -1.238159E-02	
   -3.005189E-04	   -1.241319E-02	
    3.005189E-04	   -1.241319E-02	
    9.444609E-04	   -1.238159E-02	
    1.676995E-03	   -1.230557E-02	
    2.502058E-03	   -1.216791E-02	
    3.418893E-03	   -1.194803E-02	
    4.419656E-03	   -1.162312E-02	
    5.486976E-03	   -1.117062E-02	
    6.592333E-03	   -1.057230E-02	
    7.696409E-03	   -9.819822E-03	
    8.752564E-03	   -8.920293E-03	
    9.713668E-03	   -7.899894E-03	
    1.054088E-02	   -6.803083E-03	
    1.121138E-02	   -5.686536E-03	
    1.172195E-02	   -4.609225E-03	
    1.208699E-02	   -3.622081E-03	
    1.233236E-02	   -2.760650E-03	
    1.248792E-02	   -2.042456E-03	
    1.258141E-02	   -1.468588E-03	
    1.263506E-02	   -1.027829E-03	
    1.266475E-02	   -7.015541E-04	
    1.268080E-02	   -4.681454E-04	
    1.268939E-02	   -3.063264E-04	
    1.269402E-02	   -1.972557E-04	
    1.269655E-02	   -1.255186E-04	
    1.269796E-02	   -7.928660E-05	
    1.269842E-02	   -6.293687E-05	
   -1.269942E-02	   -6.295634E-05	
   -1.269921E-02	   -7.931273E-05	
   -1.269852E-02	   -1.255671E-04	
   -1.269712E-02	   -1.973496E-04	
   -1.269421E-02	   -3.065137E-04	
   -1.268816E-02	   -4.685257E-04	
   -1.267578E-02	   -7.023274E-04	
   -1.265118E-02	   -1.029379E-03	
   -1.260436E-02	   -1.471608E-03	
   -1.251963E-02	   -2.048116E-03	
   -1.237473E-02	   -2.770775E-03	
   -1.214153E-02	   -3.639267E-03	
   -1.178935E-02	   -4.636797E-03	
   -1.129102E-02	   -5.728250E-03	
   -1.063057E-02	   -6.862559E-03	
   -9.809782E-03	   -7.979906E-03	
   -8.850480E-03	   -9.022171E-03	
   -7.791299E-03	   -9.943190E-03	
   -6.679921E-03	   -1.071525E-02	
   -5.564062E-03	   -1.133017E-02	
   -4.484299E-03	   -1.179586E-02	
   -3.470318E-03	   -1.213055E-02	
   -2.540395E-03	   -1.235720E-02	
   -1.702986E-03	   -1.249918E-02	
   -9.591903E-04	   -1.257760E-02	
   -3.052179E-04	   -1.261020E-02	
    3.052179E-04	   -1.261020E-02	
    9.591903E-04	   -1.257760E-02	
    1.702986E-03	   -1.249918E-02	
    2.540395E-03	   -1.235720E-02	
    3.470318E-03	   -1.213055E-02	
    4.484299E-03	   -1.179586E-02	
    5.564062E-03	   -1.133017E-02	
    6.679921E-03	   -1.071525E-02	
    7.791299E-03	   -9.943190E-03	
    8.850480E-03	   -9.022171E-03	
    9.809782E-03	   -7.979906E-03	
    1.063057E-02	   -6.862559E-03	
    1.129102E-02	   -5.728250E-03	
    1.178935E-02	   -4.636797E-03	
    1.214153E-02	   -3.639267E-03	
    1.237473E-02	   -2.770775E-03	
    1.251963E-02	   -2.048116E-03	
    1.260436E-02	   -1.471608E-03	
    1.265118E-02	   -1.029379E-03	
    1.267578E-02	   -7.023274E-04	
    1.268816E-02	   -4.685257E-04	
    1.269421E-02	   -3.065137E-04	
    1.269712E-02	   -1.973496E-04	
    1.269852E-02	   -1.255671E-04	
    1.269921E-02	   -7.931273E-05	
    1.269942E-02	   -6.295634E-05	
   -1.269984E-02	   -6.295992E-05	
   -1.269975E-02	   -7.931794E-05	
   -1.269938E-02	   -1.255785E-04	
   -1.269847E-02	   -1.973751E-04	
   -1.269630E-02	   -3.065712E-04	
   -1.269135E-02	   -4.686542E-04	
   -1.268055E-02	   -7.026081E-04	
   -1.265817E-02	   -1.029971E-03	
   -1.261431E-02	   -1.472803E-03	
   -1.253339E-02	   -2.050414E-03	
   -1.239313E-02	   -2.774959E-03	
   -1.216525E-02	   -3.646461E-03	
   -1.181871E-02	   -4.648454E-03	
   -1.132578E-02	   -5.746019E-03	
   -1.066981E-02	   -6.888046E-03	
   -9.851907E-03	   -8.014358E-03	
   -8.893473E-03	   -9.066208E-03	
   -7.833032E-03	   -9.996680E-03	
   -6.718495E-03	   -1.077738E-02	
   -5.598047E-03	   -1.139964E-02	
   -4.512822E-03	   -1.187116E-02	
   -3.493022E-03	   -1.221019E-02	
   -2.557328E-03	   -1.243986E-02	
   -1.714469E-03	   -1.258374E-02	
   -9.656985E-04	   -1.266323E-02	
   -3.072942E-04	   -1.269628E-02	
    3.072942E-04	   -1.269628E-02	
    9.656985E-04	   -1.266323E-02	
    1.714469E-03	   -1.258374E-02	
    2.557328E-03	   -1.243986E-02	
    3.493022E-03	   -1.221019E-02	
    4.512822E-03	   -1.187116E-02	
    5.598047E-03	   -1.139964E-02	
    6.718495E-03	   -1.077738E-02	
    7.833032E-03	   -9.996680E-03	
    8.893473E-03	   -9.066208E-03	
    9.851907E-03	   -8.014358E-03	
    1.066981E-02	   -6.888046E-03	
    1.132578E-02	   -5.746019E-03	
    1.181871E-02	   -4.648454E-03	
    1.216525E-02	   -3.646461E-03	
    1.239313E-02	   -2.774959E-03	
    1.253339E-02	   -2.050414E-03	
    1.261431E-02	   -1.472803E-03	
    1.265817E-02	   -1.029971E-03	
    1.268055E-02	   -7.026081E-04	
    1.269135E-02	   -4.686542E-04	
    1.269630E-02	   -3.065712E-04	
    1.269847E-02	   -1.973751E-04	
    1.269938E-02	   -1.255785E-04	
    1.269975E-02	   -7.931794E-05	
    1.269984E-02	   -6.295992E-05	
