Title="Mesh"
Variables="X","Y"
Zone I=52 J=52 F=POINT
   -2.799966E-02	    1.388093E-04	
   -2.799945E-02	    1.748742E-04	
   -2.799863E-02	    2.768660E-04	
   -2.799662E-02	    4.351576E-04	
   -2.799184E-02	    6.759049E-04	
   -2.798093E-02	    1.033253E-03	
   -2.795712E-02	    1.549057E-03	
   -2.790777E-02	    2.270802E-03	
   -2.781108E-02	    3.247125E-03	
   -2.763267E-02	    4.520598E-03	
   -2.732343E-02	    6.118019E-03	
   -2.682102E-02	    8.039443E-03	
   -2.605700E-02	    1.024856E-02	
   -2.497022E-02	    1.266839E-02	
   -2.352399E-02	    1.518624E-02	
   -2.172074E-02	    1.766945E-02	
   -1.960766E-02	    1.998849E-02	
   -1.726968E-02	    2.203992E-02	
   -1.481243E-02	    2.376114E-02	
   -1.234215E-02	    2.513307E-02	
   -9.949529E-03	    2.617264E-02	
   -7.701151E-03	    2.692011E-02	
   -5.638203E-03	    2.742646E-02	
   -3.779931E-03	    2.774369E-02	
   -2.129099E-03	    2.791894E-02	
   -6.774990E-04	    2.799180E-02	
    6.774990E-04	    2.799180E-02	
    2.129099E-03	    2.791894E-02	
    3.779931E-03	    2.774369E-02	
    5.638203E-03	    2.742646E-02	
    7.701151E-03	    2.692011E-02	
    9.949529E-03	    2.617264E-02	
    1.234215E-02	    2.513307E-02	
    1.481243E-02	    2.376114E-02	
    1.726968E-02	    2.203992E-02	
    1.960766E-02	    1.998849E-02	
    2.172074E-02	    1.766945E-02	
    2.352399E-02	    1.518624E-02	
    2.497022E-02	    1.266839E-02	
    2.605700E-02	    1.024856E-02	
    2.682102E-02	    8.039443E-03	
    2.732343E-02	    6.118019E-03	
    2.763267E-02	    4.520598E-03	
    2.781108E-02	    3.247125E-03	
    2.790777E-02	    2.270802E-03	
    2.795712E-02	    1.549057E-03	
    2.798093E-02	    1.033253E-03	
    2.799184E-02	    6.759049E-04	
    2.799662E-02	    4.351576E-04	
    2.799863E-02	    2.768660E-04	
    2.799945E-02	    1.748742E-04	
    2.799966E-02	    1.388093E-04	
   -2.799871E-02	    1.388014E-04	
   -2.799826E-02	    1.748627E-04	
   -2.799675E-02	    2.768409E-04	
   -2.799366E-02	    4.351016E-04	
   -2.798724E-02	    6.757783E-04	
   -2.797390E-02	    1.032970E-03	
   -2.794660E-02	    1.548438E-03	
   -2.789237E-02	    2.269497E-03	
   -2.778915E-02	    3.244490E-03	
   -2.760234E-02	    4.515532E-03	
   -2.728286E-02	    6.108795E-03	
   -2.676872E-02	    8.023580E-03	
   -2.599226E-02	    1.022286E-02	
   -2.489358E-02	    1.262921E-02	
   -2.343749E-02	    1.513005E-02	
   -2.162786E-02	    1.759349E-02	
   -1.951287E-02	    1.989140E-02	
   -1.717767E-02	    2.192199E-02	
   -1.472739E-02	    2.362417E-02	
   -1.226722E-02	    2.497991E-02	
   -9.886643E-03	    2.600661E-02	
   -7.651095E-03	    2.674451E-02	
   -5.600871E-03	    2.724423E-02	
   -3.754615E-03	    2.755724E-02	
   -2.114750E-03	    2.773014E-02	
   -6.729212E-04	    2.780202E-02	
    6.729212E-04	    2.780202E-02	
    2.114750E-03	    2.773014E-02	
    3.754615E-03	    2.755724E-02	
    5.600871E-03	    2.724423E-02	
    7.651095E-03	    2.674451E-02	
    9.886643E-03	    2.600661E-02	
    1.226722E-02	    2.497991E-02	
    1.472739E-02	    2.362417E-02	
    1.717767E-02	    2.192199E-02	
    1.951287E-02	    1.989140E-02	
    2.162786E-02	    1.759349E-02	
    2.343749E-02	    1.513005E-02	
    2.489358E-02	    1.262921E-02	
    2.599226E-02	    1.022286E-02	
    2.676872E-02	    8.023580E-03	
    2.728286E-02	    6.108795E-03	
    2.760234E-02	    4.515532E-03	
    2.778915E-02	    3.244490E-03	
    2.789237E-02	    2.269497E-03	
    2.794660E-02	    1.548438E-03	
    2.797390E-02	    1.032970E-03	
    2.798724E-02	    6.757783E-04	
    2.799366E-02	    4.351016E-04	
    2.799675E-02	    2.768409E-04	
    2.799826E-02	    1.748627E-04	
    2.799871E-02	    1.388014E-04	
   -2.799653E-02	    1.387585E-04	
   -2.799551E-02	    1.748051E-04	
   -2.799239E-02	    2.767338E-04	
   -2.798681E-02	    4.348946E-04	
   -2.797661E-02	    6.753653E-04	
   -2.795766E-02	    1.032132E-03	
   -2.792228E-02	    1.546733E-03	
   -2.785682E-02	    2.266080E-03	
   -2.773854E-02	    3.237832E-03	
   -2.753242E-02	    4.503053E-03	
   -2.718945E-02	    6.086472E-03	
   -2.664847E-02	    7.985689E-03	
   -2.584367E-02	    1.016207E-02	
   -2.471801E-02	    1.253724E-02	
   -2.323974E-02	    1.499892E-02	
   -2.141596E-02	    1.741709E-02	
   -1.929699E-02	    1.966679E-02	
   -1.696846E-02	    2.165000E-02	
   -1.453428E-02	    2.330902E-02	
   -1.209727E-02	    2.462814E-02	
   -9.744123E-03	    2.562579E-02	
   -7.537718E-03	    2.634211E-02	
   -5.516348E-03	    2.682688E-02	
   -3.697313E-03	    2.713039E-02	
   -2.082276E-03	    2.729800E-02	
   -6.625614E-04	    2.736767E-02	
    6.625614E-04	    2.736767E-02	
    2.082276E-03	    2.729800E-02	
    3.697313E-03	    2.713039E-02	
    5.516348E-03	    2.682688E-02	
    7.537718E-03	    2.634211E-02	
    9.744123E-03	    2.562579E-02	
    1.209727E-02	    2.462814E-02	
    1.453428E-02	    2.330902E-02	
    1.696846E-02	    2.165000E-02	
    1.929699E-02	    1.966679E-02	
    2.141596E-02	    1.741709E-02	
    2.323974E-02	    1.499892E-02	
    2.471801E-02	    1.253724E-02	
    2.584367E-02	    1.016207E-02	
    2.664847E-02	    7.985689E-03	
    2.718945E-02	    6.086472E-03	
    2.753242E-02	    4.503053E-03	
    2.773854E-02	    3.237832E-03	
    2.785682E-02	    2.266080E-03	
    2.792228E-02	    1.546733E-03	
    2.795766E-02	    1.032132E-03	
    2.797661E-02	    6.753653E-04	
    2.798681E-02	    4.348946E-04	
    2.799239E-02	    2.767338E-04	
    2.799551E-02	    1.748051E-04	
    2.799653E-02	    1.387585E-04	
   -2.799367E-02	    1.386502E-04	
   -2.799191E-02	    1.746641E-04	
   -2.798669E-02	    2.764899E-04	
   -2.797785E-02	    4.344606E-04	
   -2.796270E-02	    6.745720E-04	
   -2.793643E-02	    1.030649E-03	
   -2.789051E-02	    1.543926E-03	
   -2.781041E-02	    2.260772E-03	
   -2.767256E-02	    3.227941E-03	
   -2.744143E-02	    4.485128E-03	
   -2.706813E-02	    6.055207E-03	
   -2.649268E-02	    7.933623E-03	
   -2.565172E-02	    1.007975E-02	
   -2.449190E-02	    1.241414E-02	
   -2.298586E-02	    1.482502E-02	
   -2.114477E-02	    1.718488E-02	
   -1.902152E-02	    1.937290E-02	
   -1.670219E-02	    2.129582E-02	
   -1.428902E-02	    2.290016E-02	
   -1.188179E-02	    2.417305E-02	
   -9.563656E-03	    2.513413E-02	
   -7.394287E-03	    2.582334E-02	
   -5.409486E-03	    2.628936E-02	
   -3.624895E-03	    2.658096E-02	
   -2.041244E-03	    2.674194E-02	
   -6.494727E-04	    2.680885E-02	
    6.494727E-04	    2.680885E-02	
    2.041244E-03	    2.674194E-02	
    3.624895E-03	    2.658096E-02	
    5.409486E-03	    2.628936E-02	
    7.394287E-03	    2.582334E-02	
    9.563656E-03	    2.513413E-02	
    1.188179E-02	    2.417305E-02	
    1.428902E-02	    2.290016E-02	
    1.670219E-02	    2.129582E-02	
    1.902152E-02	    1.937290E-02	
    2.114477E-02	    1.718488E-02	
    2.298586E-02	    1.482502E-02	
    2.449190E-02	    1.241414E-02	
    2.565172E-02	    1.007975E-02	
    2.649268E-02	    7.933623E-03	
    2.706813E-02	    6.055207E-03	
    2.744143E-02	    4.485128E-03	
    2.767256E-02	    3.227941E-03	
    2.781041E-02	    2.260772E-03	
    2.789051E-02	    1.543926E-03	
    2.793643E-02	    1.030649E-03	
    2.796270E-02	    6.745720E-04	
    2.797785E-02	    4.344606E-04	
    2.798669E-02	    2.764899E-04	
    2.799191E-02	    1.746641E-04	
    2.799367E-02	    1.386502E-04	
   -2.798995E-02	    1.384215E-04	
   -2.798723E-02	    1.743699E-04	
   -2.797928E-02	    2.759973E-04	
   -2.796622E-02	    4.336211E-04	
   -2.794467E-02	    6.731140E-04	
   -2.790891E-02	    1.028071E-03	
   -2.784938E-02	    1.539310E-03	
   -2.775039E-02	    2.252469E-03	
   -2.758736E-02	    3.213119E-03	
   -2.732417E-02	    4.459187E-03	
   -2.691222E-02	    6.011194E-03	
   -2.629310E-02	    7.861908E-03	
   -2.540670E-02	    9.968326E-03	
   -2.420442E-02	    1.224980E-02	
   -2.266439E-02	    1.459550E-02	
   -2.080274E-02	    1.688124E-02	
   -1.867537E-02	    1.899149E-02	
   -1.636868E-02	    2.083891E-02	
   -1.398266E-02	    2.237517E-02	
   -1.161320E-02	    2.359077E-02	
   -9.339076E-03	    2.450667E-02	
   -7.216003E-03	    2.516248E-02	
   -5.276762E-03	    2.560543E-02	
   -3.534994E-03	    2.588240E-02	
   -1.990320E-03	    2.603523E-02	
   -6.332306E-04	    2.609875E-02	
    6.332306E-04	    2.609875E-02	
    1.990320E-03	    2.603523E-02	
    3.534994E-03	    2.588240E-02	
    5.276762E-03	    2.560543E-02	
    7.216003E-03	    2.516248E-02	
    9.339076E-03	    2.450667E-02	
    1.161320E-02	    2.359077E-02	
    1.398266E-02	    2.237517E-02	
    1.636868E-02	    2.083891E-02	
    1.867537E-02	    1.899149E-02	
    2.080274E-02	    1.688124E-02	
    2.266439E-02	    1.459550E-02	
    2.420442E-02	    1.224980E-02	
    2.540670E-02	    9.968326E-03	
    2.629310E-02	    7.861908E-03	
    2.691222E-02	    6.011194E-03	
    2.732417E-02	    4.459187E-03	
    2.758736E-02	    3.213119E-03	
    2.775039E-02	    2.252469E-03	
    2.784938E-02	    1.539310E-03	
    2.790891E-02	    1.028071E-03	
    2.794467E-02	    6.731140E-04	
    2.796622E-02	    4.336211E-04	
    2.797928E-02	    2.759973E-04	
    2.798723E-02	    1.743699E-04	
    2.798995E-02	    1.384215E-04	
   -2.798519E-02	    1.379808E-04	
   -2.798123E-02	    1.738071E-04	
   -2.796978E-02	    2.750721E-04	
   -2.795131E-02	    4.320836E-04	
   -2.792154E-02	    6.705299E-04	
   -2.787364E-02	    1.023677E-03	
   -2.779672E-02	    1.531769E-03	
   -2.767367E-02	    2.239472E-03	
   -2.747870E-02	    3.190818E-03	
   -2.717504E-02	    4.421483E-03	
   -2.671459E-02	    5.949066E-03	
   -2.604114E-02	    7.763101E-03	
   -2.509879E-02	    9.817839E-03	
   -2.384494E-02	    1.203150E-02	
   -2.226447E-02	    1.429474E-02	
   -2.037934E-02	    1.648782E-02	
   -1.824885E-02	    1.850182E-02	
   -1.595938E-02	    2.025660E-02	
   -1.360794E-02	    2.170991E-02	
   -1.128555E-02	    2.285610E-02	
   -9.065656E-03	    2.371749E-02	
   -6.999257E-03	    2.433311E-02	
   -5.115559E-03	    2.474838E-02	
   -3.425870E-03	    2.500782E-02	
   -1.928528E-03	    2.515090E-02	
   -6.135246E-04	    2.521035E-02	
    6.135246E-04	    2.521035E-02	
    1.928528E-03	    2.515090E-02	
    3.425870E-03	    2.500782E-02	
    5.115559E-03	    2.474838E-02	
    6.999257E-03	    2.433311E-02	
    9.065656E-03	    2.371749E-02	
    1.128555E-02	    2.285610E-02	
    1.360794E-02	    2.170991E-02	
    1.595938E-02	    2.025660E-02	
    1.824885E-02	    1.850182E-02	
    2.037934E-02	    1.648782E-02	
    2.226447E-02	    1.429474E-02	
    2.384494E-02	    1.203150E-02	
    2.509879E-02	    9.817839E-03	
    2.604114E-02	    7.763101E-03	
    2.671459E-02	    5.949066E-03	
    2.717504E-02	    4.421483E-03	
    2.747870E-02	    3.190818E-03	
    2.767367E-02	    2.239472E-03	
    2.779672E-02	    1.531769E-03	
    2.787364E-02	    1.023677E-03	
    2.792154E-02	    6.705299E-04	
    2.795131E-02	    4.320836E-04	
    2.796978E-02	    2.750721E-04	
    2.798123E-02	    1.738071E-04	
    2.798519E-02	    1.379808E-04	
   -2.797915E-02	    1.371838E-04	
   -2.797363E-02	    1.727936E-04	
   -2.795777E-02	    2.734248E-04	
   -2.793245E-02	    4.293908E-04	
   -2.789231E-02	    6.661029E-04	
   -2.782913E-02	    1.016359E-03	
   -2.773034E-02	    1.519613E-03	
   -2.757717E-02	    2.219252E-03	
   -2.734237E-02	    3.157330E-03	
   -2.698857E-02	    4.366724E-03	
   -2.646854E-02	    5.861493E-03	
   -2.572903E-02	    7.627402E-03	
   -2.471956E-02	    9.615720E-03	
   -2.340491E-02	    1.174380E-02	
   -2.177801E-02	    1.390465E-02	
   -1.986748E-02	    1.598431E-02	
   -1.773608E-02	    1.788193E-02	
   -1.546971E-02	    1.952589E-02	
   -1.316145E-02	    2.088081E-02	
   -1.089638E-02	    2.194521E-02	
   -8.741679E-03	    2.274272E-02	
   -6.742871E-03	    2.331142E-02	
   -4.925095E-03	    2.369443E-02	
   -3.297030E-03	    2.393348E-02	
   -1.855601E-03	    2.406524E-02	
   -5.902715E-04	    2.411996E-02	
    5.902715E-04	    2.411996E-02	
    1.855601E-03	    2.406524E-02	
    3.297030E-03	    2.393348E-02	
    4.925095E-03	    2.369443E-02	
    6.742871E-03	    2.331142E-02	
    8.741679E-03	    2.274272E-02	
    1.089638E-02	    2.194521E-02	
    1.316145E-02	    2.088081E-02	
    1.546971E-02	    1.952589E-02	
    1.773608E-02	    1.788193E-02	
    1.986748E-02	    1.598431E-02	
    2.177801E-02	    1.390465E-02	
    2.340491E-02	    1.174380E-02	
    2.471956E-02	    9.615720E-03	
    2.572903E-02	    7.627402E-03	
    2.646854E-02	    5.861493E-03	
    2.698857E-02	    4.366724E-03	
    2.734237E-02	    3.157330E-03	
    2.757717E-02	    2.219252E-03	
    2.773034E-02	    1.519613E-03	
    2.782913E-02	    1.016359E-03	
    2.789231E-02	    6.661029E-04	
    2.793245E-02	    4.293908E-04	
    2.795777E-02	    2.734248E-04	
    2.797363E-02	    1.727936E-04	
    2.797915E-02	    1.371838E-04	
   -2.797166E-02	    1.358159E-04	
   -2.796420E-02	    1.710587E-04	
   -2.794286E-02	    2.706264E-04	
   -2.790906E-02	    4.248669E-04	
   -2.785610E-02	    6.587810E-04	
   -2.777404E-02	    1.004501E-03	
   -2.764835E-02	    1.500413E-03	
   -2.745825E-02	    2.188234E-03	
   -2.717493E-02	    3.107537E-03	
   -2.676054E-02	    4.287800E-03	
   -2.616920E-02	    5.738953E-03	
   -2.535168E-02	    7.442587E-03	
   -2.426425E-02	    9.346992E-03	
   -2.288055E-02	    1.136926E-02	
   -2.120269E-02	    1.340593E-02	
   -1.926650E-02	    1.535034E-02	
   -1.713803E-02	    1.711125E-02	
   -1.490189E-02	    1.862662E-02	
   -1.264615E-02	    1.986853E-02	
   -1.044891E-02	    2.083973E-02	
   -8.370198E-03	    2.156489E-02	
   -6.449477E-03	    2.208067E-02	
   -4.707430E-03	    2.242743E-02	
   -3.149913E-03	    2.264360E-02	
   -1.772367E-03	    2.276267E-02	
   -5.637369E-04	    2.281210E-02	
    5.637369E-04	    2.281210E-02	
    1.772367E-03	    2.276267E-02	
    3.149913E-03	    2.264360E-02	
    4.707430E-03	    2.242743E-02	
    6.449477E-03	    2.208067E-02	
    8.370198E-03	    2.156489E-02	
    1.044891E-02	    2.083973E-02	
    1.264615E-02	    1.986853E-02	
    1.490189E-02	    1.862662E-02	
    1.713803E-02	    1.711125E-02	
    1.926650E-02	    1.535034E-02	
    2.120269E-02	    1.340593E-02	
    2.288055E-02	    1.136926E-02	
    2.426425E-02	    9.346992E-03	
    2.535168E-02	    7.442587E-03	
    2.616920E-02	    5.738953E-03	
    2.676054E-02	    4.287800E-03	
    2.717493E-02	    3.107537E-03	
    2.745825E-02	    2.188234E-03	
    2.764835E-02	    1.500413E-03	
    2.777404E-02	    1.004501E-03	
    2.785610E-02	    6.587810E-04	
    2.790906E-02	    4.248669E-04	
    2.794286E-02	    2.706264E-04	
    2.796420E-02	    1.710587E-04	
    2.797166E-02	    1.358159E-04	
   -2.796260E-02	    1.335808E-04	
   -2.795279E-02	    1.682295E-04	
   -2.792482E-02	    2.660872E-04	
   -2.788079E-02	    4.175869E-04	
   -2.781237E-02	    6.471321E-04	
   -2.770761E-02	    9.859264E-04	
   -2.754969E-02	    1.470932E-03	
   -2.731558E-02	    2.141734E-03	
   -2.697485E-02	    3.034877E-03	
   -2.648943E-02	    4.175865E-03	
   -2.581557E-02	    5.570038E-03	
   -2.490918E-02	    7.194668E-03	
   -2.373472E-02	    8.995459E-03	
   -2.227604E-02	    1.089025E-02	
   -2.054527E-02	    1.278062E-02	
   -1.858554E-02	    1.456882E-02	
   -1.646553E-02	    1.617450E-02	
   -1.426756E-02	    1.754593E-02	
   -1.207357E-02	    1.866283E-02	
   -9.953784E-03	    1.953186E-02	
   -7.960449E-03	    2.017824E-02	
   -6.126580E-03	    2.063669E-02	
   -4.468237E-03	    2.094431E-02	
   -2.988396E-03	    2.113583E-02	
   -1.681033E-03	    2.124124E-02	
   -5.346265E-04	    2.128499E-02	
    5.346265E-04	    2.128499E-02	
    1.681033E-03	    2.124124E-02	
    2.988396E-03	    2.113583E-02	
    4.468237E-03	    2.094431E-02	
    6.126580E-03	    2.063669E-02	
    7.960449E-03	    2.017824E-02	
    9.953784E-03	    1.953186E-02	
    1.207357E-02	    1.866283E-02	
    1.426756E-02	    1.754593E-02	
    1.646553E-02	    1.617450E-02	
    1.858554E-02	    1.456882E-02	
    2.054527E-02	    1.278062E-02	
    2.227604E-02	    1.089025E-02	
    2.373472E-02	    8.995459E-03	
    2.490918E-02	    7.194668E-03	
    2.581557E-02	    5.570038E-03	
    2.648943E-02	    4.175865E-03	
    2.697485E-02	    3.034877E-03	
    2.731558E-02	    2.141734E-03	
    2.754969E-02	    1.470932E-03	
    2.770761E-02	    9.859264E-04	
    2.781237E-02	    6.471321E-04	
    2.788079E-02	    4.175869E-04	
    2.792482E-02	    2.660872E-04	
    2.795279E-02	    1.682295E-04	
    2.796260E-02	    1.335808E-04	
   -2.795197E-02	    1.301105E-04	
   -2.793941E-02	    1.638429E-04	
   -2.790369E-02	    2.590768E-04	
   -2.784769E-02	    4.064100E-04	
   -2.776124E-02	    6.294007E-04	
   -2.763008E-02	    9.579900E-04	
   -2.743484E-02	    1.427288E-03	
   -2.715010E-02	    2.074244E-03	
   -2.674386E-02	    2.931835E-03	
   -2.617832E-02	    4.021138E-03	
   -2.541273E-02	    5.342704E-03	
   -2.440938E-02	    6.869759E-03	
   -2.314226E-02	    8.546306E-03	
   -2.160639E-02	    1.029237E-02	
   -1.982421E-02	    1.201626E-02	
   -1.784562E-02	    1.363058E-02	
   -1.574095E-02	    1.506674E-02	
   -1.358900E-02	    1.628349E-02	
   -1.146464E-02	    1.726775E-02	
   -9.429624E-03	    1.802948E-02	
   -7.528137E-03	    1.859373E-02	
   -5.786721E-03	    1.899275E-02	
   -4.216884E-03	    1.925994E-02	
   -2.818840E-03	    1.942606E-02	
   -1.585205E-03	    1.951743E-02	
   -5.040908E-04	    1.955533E-02	
    5.040908E-04	    1.955533E-02	
    1.585205E-03	    1.951743E-02	
    2.818840E-03	    1.942606E-02	
    4.216884E-03	    1.925994E-02	
    5.786721E-03	    1.899275E-02	
    7.528137E-03	    1.859373E-02	
    9.429624E-03	    1.802948E-02	
    1.146464E-02	    1.726775E-02	
    1.358900E-02	    1.628349E-02	
    1.574095E-02	    1.506674E-02	
    1.784562E-02	    1.363058E-02	
    1.982421E-02	    1.201626E-02	
    2.160639E-02	    1.029237E-02	
    2.314226E-02	    8.546306E-03	
    2.440938E-02	    6.869759E-03	
    2.541273E-02	    5.342704E-03	
    2.617832E-02	    4.021138E-03	
    2.674386E-02	    2.931835E-03	
    2.715010E-02	    2.074244E-03	
    2.743484E-02	    1.427288E-03	
    2.763008E-02	    9.579900E-04	
    2.776124E-02	    6.294007E-04	
    2.784769E-02	    4.064100E-04	
    2.790369E-02	    2.590768E-04	
    2.793941E-02	    1.638429E-04	
    2.795197E-02	    1.301105E-04	
   -2.794001E-02	    1.250121E-04	
   -2.792435E-02	    1.574052E-04	
   -2.787991E-02	    2.488193E-04	
   -2.781049E-02	    3.901301E-04	
   -2.770385E-02	    6.037457E-04	
   -2.754323E-02	    9.179508E-04	
   -2.730656E-02	    1.365532E-03	
   -2.696599E-02	    1.980297E-03	
   -2.648825E-02	    2.791221E-03	
   -2.583637E-02	    3.814735E-03	
   -2.497357E-02	    5.046799E-03	
   -2.386966E-02	    6.457382E-03	
   -2.250909E-02	    7.990173E-03	
   -2.089842E-02	    9.569126E-03	
   -1.906997E-02	    1.111090E-02	
   -1.707937E-02	    1.253950E-02	
   -1.499722E-02	    1.379828E-02	
   -1.289773E-02	    1.485590E-02	
   -1.084808E-02	    1.570557E-02	
   -8.901389E-03	    1.635958E-02	
   -7.093984E-03	    1.684205E-02	
   -5.446256E-03	    1.718221E-02	
   -3.965500E-03	    1.740952E-02	
   -2.649435E-03	    1.755066E-02	
   -1.489518E-03	    1.762822E-02	
   -4.736069E-04	    1.766038E-02	
    4.736069E-04	    1.766038E-02	
    1.489518E-03	    1.762822E-02	
    2.649435E-03	    1.755066E-02	
    3.965500E-03	    1.740952E-02	
    5.446256E-03	    1.718221E-02	
    7.093984E-03	    1.684205E-02	
    8.901389E-03	    1.635958E-02	
    1.084808E-02	    1.570557E-02	
    1.289773E-02	    1.485590E-02	
    1.499722E-02	    1.379828E-02	
    1.707937E-02	    1.253950E-02	
    1.906997E-02	    1.111090E-02	
    2.089842E-02	    9.569126E-03	
    2.250909E-02	    7.990173E-03	
    2.386966E-02	    6.457382E-03	
    2.497357E-02	    5.046799E-03	
    2.583637E-02	    3.814735E-03	
    2.648825E-02	    2.791221E-03	
    2.696599E-02	    1.980297E-03	
    2.730656E-02	    1.365532E-03	
    2.754323E-02	    9.179508E-04	
    2.770385E-02	    6.037457E-04	
    2.781049E-02	    3.901301E-04	
    2.787991E-02	    2.488193E-04	
    2.792435E-02	    1.574052E-04	
    2.794001E-02	    1.250121E-04	
   -2.792718E-02	    1.179624E-04	
   -2.790821E-02	    1.485111E-04	
   -2.785444E-02	    2.346811E-04	
   -2.777068E-02	    3.677717E-04	
   -2.764252E-02	    5.686991E-04	
   -2.745063E-02	    8.636699E-04	
   -2.717021E-02	    1.282682E-03	
   -2.677116E-02	    1.855976E-03	
   -2.621930E-02	    2.608273E-03	
   -2.547917E-02	    3.551478E-03	
   -2.451881E-02	    4.677630E-03	
   -2.331633E-02	    5.954724E-03	
   -2.186698E-02	    7.327878E-03	
   -2.018846E-02	    8.726758E-03	
   -1.832184E-02	    1.007765E-02	
   -1.632697E-02	    1.131631E-02	
   -1.427343E-02	    1.239748E-02	
   -1.223002E-02	    1.329854E-02	
   -1.025612E-02	    1.401763E-02	
   -8.396570E-03	    1.456825E-02	
   -6.680494E-03	    1.497285E-02	
   -5.122778E-03	    1.525729E-02	
   -3.727041E-03	    1.544700E-02	
   -2.488903E-03	    1.556464E-02	
   -1.398891E-03	    1.562924E-02	
   -4.447421E-04	    1.565602E-02	
    4.447421E-04	    1.565602E-02	
    1.398891E-03	    1.562924E-02	
    2.488903E-03	    1.556464E-02	
    3.727041E-03	    1.544700E-02	
    5.122778E-03	    1.525729E-02	
    6.680494E-03	    1.497285E-02	
    8.396570E-03	    1.456825E-02	
    1.025612E-02	    1.401763E-02	
    1.223002E-02	    1.329854E-02	
    1.427343E-02	    1.239748E-02	
    1.632697E-02	    1.131631E-02	
    1.832184E-02	    1.007765E-02	
    2.018846E-02	    8.726758E-03	
    2.186698E-02	    7.327878E-03	
    2.331633E-02	    5.954724E-03	
    2.451881E-02	    4.677630E-03	
    2.547917E-02	    3.551478E-03	
    2.621930E-02	    2.608273E-03	
    2.677116E-02	    1.855976E-03	
    2.717021E-02	    1.282682E-03	
    2.745063E-02	    8.636699E-04	
    2.764252E-02	    5.686991E-04	
    2.777068E-02	    3.677717E-04	
    2.785444E-02	    2.346811E-04	
    2.790821E-02	    1.485111E-04	
    2.792718E-02	    1.179624E-04	
   -2.791418E-02	    1.088350E-04	
   -2.789186E-02	    1.370035E-04	
   -2.782867E-02	    2.164229E-04	
   -2.773044E-02	    3.389812E-04	
   -2.758063E-02	    5.237647E-04	
   -2.735740E-02	    7.945064E-04	
   -2.703339E-02	    1.178022E-03	
   -2.657653E-02	    1.700711E-03	
   -2.595221E-02	    2.383051E-03	
   -2.512705E-02	    3.232902E-03	
   -2.407447E-02	    4.239458E-03	
   -2.278107E-02	    5.370351E-03	
   -2.125249E-02	    6.573947E-03	
   -1.951644E-02	    7.787129E-03	
   -1.762115E-02	    8.946467E-03	
   -1.562911E-02	    9.999093E-03	
   -1.360777E-02	    1.090986E-02	
   -1.162027E-02	    1.166326E-02	
   -9.718579E-03	    1.226088E-02	
   -7.940148E-03	    1.271631E-02	
   -6.307832E-03	    1.304977E-02	
   -4.831890E-03	    1.328361E-02	
   -3.512928E-03	    1.343929E-02	
   -2.344893E-03	    1.353572E-02	
   -1.317634E-03	    1.358863E-02	
   -4.188667E-04	    1.361056E-02	
    4.188667E-04	    1.361056E-02	
    1.317634E-03	    1.358863E-02	
    2.344893E-03	    1.353572E-02	
    3.512928E-03	    1.343929E-02	
    4.831890E-03	    1.328361E-02	
    6.307832E-03	    1.304977E-02	
    7.940148E-03	    1.271631E-02	
    9.718579E-03	    1.226088E-02	
    1.162027E-02	    1.166326E-02	
    1.360777E-02	    1.090986E-02	
    1.562911E-02	    9.999093E-03	
    1.762115E-02	    8.946467E-03	
    1.951644E-02	    7.787129E-03	
    2.125249E-02	    6.573947E-03	
    2.278107E-02	    5.370351E-03	
    2.407447E-02	    4.239458E-03	
    2.512705E-02	    3.232902E-03	
    2.595221E-02	    2.383051E-03	
    2.657653E-02	    1.700711E-03	
    2.703339E-02	    1.178022E-03	
    2.735740E-02	    7.945064E-04	
    2.758063E-02	    5.237647E-04	
    2.773044E-02	    3.389812E-04	
    2.782867E-02	    2.164229E-04	
    2.789186E-02	    1.370035E-04	
    2.791418E-02	    1.088350E-04	
   -2.790185E-02	    9.781011E-05	
   -2.787635E-02	    1.231110E-04	
   -2.780423E-02	    1.944145E-04	
   -2.769230E-02	    3.043582E-04	
   -2.752206E-02	    4.699159E-04	
   -2.726937E-02	    7.120408E-04	
   -2.690462E-02	    1.054112E-03	
   -2.639416E-02	    1.518613E-03	
   -2.570335E-02	    2.122051E-03	
   -2.480129E-02	    2.869012E-03	
   -2.366683E-02	    3.747146E-03	
   -2.229462E-02	    4.725369E-03	
   -2.069962E-02	    5.756862E-03	
   -1.891791E-02	    6.786675E-03	
   -1.700311E-02	    7.761629E-03	
   -1.501896E-02	    8.639197E-03	
   -1.303020E-02	    9.392698E-03	
   -1.109454E-02	    1.001199E-02	
   -9.257425E-03	    1.050065E-02	
   -7.550075E-03	    1.087154E-02	
   -5.990232E-03	    1.114227E-02	
   -4.584468E-03	    1.133170E-02	
   -3.331046E-03	    1.145762E-02	
   -2.222660E-03	    1.153555E-02	
   -1.248695E-03	    1.157829E-02	
   -3.969179E-04	    1.159599E-02	
    3.969179E-04	    1.159599E-02	
    1.248695E-03	    1.157829E-02	
    2.222660E-03	    1.153555E-02	
    3.331046E-03	    1.145762E-02	
    4.584468E-03	    1.133170E-02	
    5.990232E-03	    1.114227E-02	
    7.550075E-03	    1.087154E-02	
    9.257425E-03	    1.050065E-02	
    1.109454E-02	    1.001199E-02	
    1.303020E-02	    9.392698E-03	
    1.501896E-02	    8.639197E-03	
    1.700311E-02	    7.761629E-03	
    1.891791E-02	    6.786675E-03	
    2.069962E-02	    5.756862E-03	
    2.229462E-02	    4.725369E-03	
    2.366683E-02	    3.747146E-03	
    2.480129E-02	    2.869012E-03	
    2.570335E-02	    2.122051E-03	
    2.639416E-02	    1.518613E-03	
    2.690462E-02	    1.054112E-03	
    2.726937E-02	    7.120408E-04	
    2.752206E-02	    4.699159E-04	
    2.769230E-02	    3.043582E-04	
    2.780423E-02	    1.944145E-04	
    2.787635E-02	    1.231110E-04	
    2.790185E-02	    9.781011E-05	
   -2.789091E-02	    8.540095E-05	
   -2.786260E-02	    1.074811E-04	
   -2.778258E-02	    1.696835E-04	
   -2.765856E-02	    2.655246E-04	
   -2.747032E-02	    4.096869E-04	
   -2.719177E-02	    6.201780E-04	
   -2.679143E-02	    9.168644E-04	
   -2.623448E-02	    1.318441E-03	
   -2.548658E-02	    1.837921E-03	
   -2.451934E-02	    2.477514E-03	
   -2.331664E-02	    3.224600E-03	
   -2.188022E-02	    4.050760E-03	
   -2.023277E-02	    4.915052E-03	
   -1.841694E-02	    5.770995E-03	
   -1.649012E-02	    6.575026E-03	
   -1.451631E-02	    7.293551E-03	
   -1.255746E-02	    7.906607E-03	
   -1.066651E-02	    8.407801E-03	
   -8.883542E-03	    8.801594E-03	
   -7.234826E-03	    9.099489E-03	
   -5.734152E-03	    9.316404E-03	
   -4.385296E-03	    9.467913E-03	
   -3.184791E-03	    9.568506E-03	
   -2.124436E-03	    9.630708E-03	
   -1.193317E-03	    9.664805E-03	
   -3.792895E-04	    9.678927E-03	
    3.792895E-04	    9.678927E-03	
    1.193317E-03	    9.664805E-03	
    2.124436E-03	    9.630708E-03	
    3.184791E-03	    9.568506E-03	
    4.385296E-03	    9.467913E-03	
    5.734152E-03	    9.316404E-03	
    7.234826E-03	    9.099489E-03	
    8.883542E-03	    8.801594E-03	
    1.066651E-02	    8.407801E-03	
    1.255746E-02	    7.906607E-03	
    1.451631E-02	    7.293551E-03	
    1.649012E-02	    6.575026E-03	
    1.841694E-02	    5.770995E-03	
    2.023277E-02	    4.915052E-03	
    2.188022E-02	    4.050760E-03	
    2.331664E-02	    3.224600E-03	
    2.451934E-02	    2.477514E-03	
    2.548658E-02	    1.837921E-03	
    2.623448E-02	    1.318441E-03	
    2.679143E-02	    9.168644E-04	
    2.719177E-02	    6.201780E-04	
    2.747032E-02	    4.096869E-04	
    2.765856E-02	    2.655246E-04	
    2.778258E-02	    1.696835E-04	
    2.786260E-02	    1.074811E-04	
    2.789091E-02	    8.540095E-05	
   -2.788189E-02	    7.236183E-05	
   -2.785125E-02	    9.106310E-05	
   -2.776472E-02	    1.437301E-04	
   -2.763074E-02	    2.248305E-04	
   -2.742773E-02	    3.467093E-04	
   -2.712799E-02	    5.244256E-04	
   -2.669863E-02	    7.744361E-04	
   -2.610400E-02	    1.111944E-03	
   -2.531023E-02	    1.547030E-03	
   -2.429120E-02	    2.080384E-03	
   -2.303505E-02	    2.700141E-03	
   -2.154931E-02	    3.381470E-03	
   -1.986268E-02	    4.089761E-03	
   -1.802265E-02	    4.786734E-03	
   -1.608909E-02	    5.437416E-03	
   -1.412575E-02	    6.015635E-03	
   -1.219202E-02	    6.506562E-03	
   -1.033703E-02	    6.906268E-03	
   -8.596703E-03	    7.219290E-03	
   -6.993579E-03	    7.455483E-03	
   -5.538543E-03	    7.627145E-03	
   -4.233352E-03	    7.746885E-03	
   -3.073311E-03	    7.826312E-03	
   -2.049607E-03	    7.875396E-03	
   -1.151141E-03	    7.902293E-03	
   -3.658651E-04	    7.913431E-03	
    3.658651E-04	    7.913431E-03	
    1.151141E-03	    7.902293E-03	
    2.049607E-03	    7.875396E-03	
    3.073311E-03	    7.826312E-03	
    4.233352E-03	    7.746885E-03	
    5.538543E-03	    7.627145E-03	
    6.993579E-03	    7.455483E-03	
    8.596703E-03	    7.219290E-03	
    1.033703E-02	    6.906268E-03	
    1.219202E-02	    6.506562E-03	
    1.412575E-02	    6.015635E-03	
    1.608909E-02	    5.437416E-03	
    1.802265E-02	    4.786734E-03	
    1.986268E-02	    4.089761E-03	
    2.154931E-02	    3.381470E-03	
    2.303505E-02	    2.700141E-03	
    2.429120E-02	    2.080384E-03	
    2.531023E-02	    1.547030E-03	
    2.610400E-02	    1.111944E-03	
    2.669863E-02	    7.744361E-04	
    2.712799E-02	    5.244256E-04	
    2.742773E-02	    3.467093E-04	
    2.763074E-02	    2.248305E-04	
    2.776472E-02	    1.437301E-04	
    2.785125E-02	    9.106310E-05	
    2.788189E-02	    7.236183E-05	
   -2.787494E-02	    5.950988E-05	
   -2.784251E-02	    7.488486E-05	
   -2.775097E-02	    1.181736E-04	
   -2.760936E-02	    1.848020E-04	
   -2.739500E-02	    2.848622E-04	
   -2.707906E-02	    4.306136E-04	
   -2.662758E-02	    6.353546E-04	
   -2.600438E-02	    9.111925E-04	
   -2.517603E-02	    1.265837E-03	
   -2.411832E-02	    1.699142E-03	
   -2.282273E-02	    2.200658E-03	
   -2.130113E-02	    2.749557E-03	
   -1.958668E-02	    3.317483E-03	
   -1.773024E-02	    3.873673E-03	
   -1.579322E-02	    4.390555E-03	
   -1.383891E-02	    4.847970E-03	
   -1.192469E-02	    5.234930E-03	
   -1.009678E-02	    5.549044E-03	
   -8.388060E-03	    5.794446E-03	
   -6.818431E-03	    5.979275E-03	
   -5.396722E-03	    6.113422E-03	
   -4.123295E-03	    6.206903E-03	
   -2.992615E-03	    6.268870E-03	
   -1.995461E-03	    6.307148E-03	
   -1.120630E-03	    6.328117E-03	
   -3.561544E-04	    6.336800E-03	
    3.561544E-04	    6.336800E-03	
    1.120630E-03	    6.328117E-03	
    1.995461E-03	    6.307148E-03	
    2.992615E-03	    6.268870E-03	
    4.123295E-03	    6.206903E-03	
    5.396722E-03	    6.113422E-03	
    6.818431E-03	    5.979275E-03	
    8.388060E-03	    5.794446E-03	
    1.009678E-02	    5.549044E-03	
    1.192469E-02	    5.234930E-03	
    1.383891E-02	    4.847970E-03	
    1.579322E-02	    4.390555E-03	
    1.773024E-02	    3.873673E-03	
    1.958668E-02	    3.317483E-03	
    2.130113E-02	    2.749557E-03	
    2.282273E-02	    2.200658E-03	
    2.411832E-02	    1.699142E-03	
    2.517603E-02	    1.265837E-03	
    2.600438E-02	    9.111925E-04	
    2.662758E-02	    6.353546E-04	
    2.707906E-02	    4.306136E-04	
    2.739500E-02	    2.848622E-04	
    2.760936E-02	    1.848020E-04	
    2.775097E-02	    1.181736E-04	
    2.784251E-02	    7.488486E-05	
    2.787494E-02	    5.950988E-05	
   -2.786993E-02	    4.754335E-05	
   -2.783622E-02	    5.982388E-05	
   -2.774108E-02	    9.439396E-05	
   -2.759396E-02	    1.475853E-04	
   -2.737146E-02	    2.274260E-04	
   -2.704390E-02	    3.436388E-04	
   -2.657660E-02	    5.067136E-04	
   -2.593303E-02	    7.260987E-04	
   -2.508018E-02	    1.007627E-03	
   -2.399522E-02	    1.350784E-03	
   -2.267209E-02	    1.746848E-03	
   -2.112576E-02	    2.178968E-03	
   -1.939244E-02	    2.624575E-03	
   -1.752527E-02	    3.059509E-03	
   -1.558660E-02	    3.462413E-03	
   -1.363927E-02	    3.817928E-03	
   -1.173915E-02	    4.117930E-03	
   -9.930403E-03	    4.360948E-03	
   -8.243834E-03	    4.550492E-03	
   -6.697519E-03	    4.693067E-03	
   -5.298914E-03	    4.796450E-03	
   -4.047444E-03	    4.868443E-03	
   -2.937024E-03	    4.916145E-03	
   -1.958171E-03	    4.945602E-03	
   -1.099620E-03	    4.961737E-03	
   -3.494682E-04	    4.968416E-03	
    3.494682E-04	    4.968416E-03	
    1.099620E-03	    4.961737E-03	
    1.958171E-03	    4.945602E-03	
    2.937024E-03	    4.916145E-03	
    4.047444E-03	    4.868443E-03	
    5.298914E-03	    4.796450E-03	
    6.697519E-03	    4.693067E-03	
    8.243834E-03	    4.550492E-03	
    9.930403E-03	    4.360948E-03	
    1.173915E-02	    4.117930E-03	
    1.363927E-02	    3.817928E-03	
    1.558660E-02	    3.462413E-03	
    1.752527E-02	    3.059509E-03	
    1.939244E-02	    2.624575E-03	
    2.112576E-02	    2.178968E-03	
    2.267209E-02	    1.746848E-03	
    2.399522E-02	    1.350784E-03	
    2.508018E-02	    1.007627E-03	
    2.593303E-02	    7.260987E-04	
    2.657660E-02	    5.067136E-04	
    2.704390E-02	    3.436388E-04	
    2.737146E-02	    2.274260E-04	
    2.759396E-02	    1.475853E-04	
    2.774108E-02	    9.439396E-05	
    2.783622E-02	    5.982388E-05	
    2.786993E-02	    4.754335E-05	
   -2.786654E-02	    3.692956E-05	
   -2.783195E-02	    4.646707E-05	
   -2.773437E-02	    7.331224E-05	
   -2.758353E-02	    1.146084E-04	
   -2.735552E-02	    1.765731E-04	
   -2.702012E-02	    2.667211E-04	
   -2.654215E-02	    3.931303E-04	
   -2.588489E-02	    5.630229E-04	
   -2.501562E-02	    7.807606E-04	
   -2.391249E-02	    1.045739E-03	
   -2.257110E-02	    1.350995E-03	
   -2.100851E-02	    1.683338E-03	
   -1.926295E-02	    2.025288E-03	
   -1.738901E-02	    2.358300E-03	
   -1.544959E-02	    2.666133E-03	
   -1.350719E-02	    2.937236E-03	
   -1.161663E-02	    3.165627E-03	
   -9.820713E-03	    3.350382E-03	
   -8.148861E-03	    3.494325E-03	
   -6.617972E-03	    3.602509E-03	
   -5.234608E-03	    3.680904E-03	
   -3.997598E-03	    3.735473E-03	
   -2.900503E-03	    3.771619E-03	
   -1.933678E-03	    3.793935E-03	
   -1.085821E-03	    3.806157E-03	
   -3.450771E-04	    3.811217E-03	
    3.450771E-04	    3.811217E-03	
    1.085821E-03	    3.806157E-03	
    1.933678E-03	    3.793935E-03	
    2.900503E-03	    3.771619E-03	
    3.997598E-03	    3.735473E-03	
    5.234608E-03	    3.680904E-03	
    6.617972E-03	    3.602509E-03	
    8.148861E-03	    3.494325E-03	
    9.820713E-03	    3.350382E-03	
    1.161663E-02	    3.165627E-03	
    1.350719E-02	    2.937236E-03	
    1.544959E-02	    2.666133E-03	
    1.738901E-02	    2.358300E-03	
    1.926295E-02	    2.025288E-03	
    2.100851E-02	    1.683338E-03	
    2.257110E-02	    1.350995E-03	
    2.391249E-02	    1.045739E-03	
    2.501562E-02	    7.807606E-04	
    2.588489E-02	    5.630229E-04	
    2.654215E-02	    3.931303E-04	
    2.702012E-02	    2.667211E-04	
    2.735552E-02	    1.765731E-04	
    2.758353E-02	    1.146084E-04	
    2.773437E-02	    7.331224E-05	
    2.783195E-02	    4.646707E-05	
    2.786654E-02	    3.692956E-05	
   -2.786436E-02	    2.788451E-05	
   -2.782922E-02	    3.508532E-05	
   -2.773008E-02	    5.535183E-05	
   -2.757686E-02	    8.652347E-05	
   -2.734533E-02	    1.332863E-04	
   -2.700491E-02	    2.012962E-04	
   -2.652013E-02	    2.966189E-04	
   -2.585416E-02	    4.246515E-04	
   -2.497445E-02	    5.886066E-04	
   -2.385980E-02	    7.879307E-04	
   -2.250689E-02	    1.017277E-03	
   -2.093410E-02	    1.266639E-03	
   -1.918092E-02	    1.522846E-03	
   -1.730284E-02	    1.772003E-03	
   -1.536310E-02	    2.002010E-03	
   -1.342393E-02	    2.204328E-03	
   -1.153949E-02	    2.374591E-03	
   -9.751719E-03	    2.512206E-03	
   -8.089171E-03	    2.619347E-03	
   -6.568007E-03	    2.699830E-03	
   -5.194234E-03	    2.758129E-03	
   -3.966311E-03	    2.798698E-03	
   -2.877585E-03	    2.825565E-03	
   -1.918309E-03	    2.842150E-03	
   -1.077164E-03	    2.851233E-03	
   -3.423220E-04	    2.854993E-03	
    3.423220E-04	    2.854993E-03	
    1.077164E-03	    2.851233E-03	
    1.918309E-03	    2.842150E-03	
    2.877585E-03	    2.825565E-03	
    3.966311E-03	    2.798698E-03	
    5.194234E-03	    2.758129E-03	
    6.568007E-03	    2.699830E-03	
    8.089171E-03	    2.619347E-03	
    9.751719E-03	    2.512206E-03	
    1.153949E-02	    2.374591E-03	
    1.342393E-02	    2.204328E-03	
    1.536310E-02	    2.002010E-03	
    1.730284E-02	    1.772003E-03	
    1.918092E-02	    1.522846E-03	
    2.093410E-02	    1.266639E-03	
    2.250689E-02	    1.017277E-03	
    2.385980E-02	    7.879307E-04	
    2.497445E-02	    5.886066E-04	
    2.585416E-02	    4.246515E-04	
    2.652013E-02	    2.966189E-04	
    2.700491E-02	    2.012962E-04	
    2.734533E-02	    1.332863E-04	
    2.757686E-02	    8.652347E-05	
    2.773008E-02	    5.535183E-05	
    2.782922E-02	    3.508532E-05	
    2.786436E-02	    2.788451E-05	
   -2.786304E-02	    2.041848E-05	
   -2.782757E-02	    2.569097E-05	
   -2.772747E-02	    4.052958E-05	
   -2.757281E-02	    6.335065E-05	
   -2.733914E-02	    9.758162E-05	
   -2.699568E-02	    1.473561E-04	
   -2.650678E-02	    2.171006E-04	
   -2.583552E-02	    3.107424E-04	
   -2.494950E-02	    4.305981E-04	
   -2.382791E-02	    5.762197E-04	
   -2.246807E-02	    7.436532E-04	
   -2.088916E-02	    9.255513E-04	
   -1.913143E-02	    1.112282E-03	
   -1.725092E-02	    1.293720E-03	
   -1.531103E-02	    1.461076E-03	
   -1.337386E-02	    1.608178E-03	
   -1.149313E-02	    1.731896E-03	
   -9.710286E-03	    1.831838E-03	
   -8.053343E-03	    1.909617E-03	
   -6.538026E-03	    1.968024E-03	
   -5.170014E-03	    2.010322E-03	
   -3.947546E-03	    2.039752E-03	
   -2.863841E-03	    2.059240E-03	
   -1.909094E-03	    2.071269E-03	
   -1.071972E-03	    2.077857E-03	
   -3.406700E-04	    2.080584E-03	
    3.406700E-04	    2.080584E-03	
    1.071972E-03	    2.077857E-03	
    1.909094E-03	    2.071269E-03	
    2.863841E-03	    2.059240E-03	
    3.947546E-03	    2.039752E-03	
    5.170014E-03	    2.010322E-03	
    6.538026E-03	    1.968024E-03	
    8.053343E-03	    1.909617E-03	
    9.710286E-03	    1.831838E-03	
    1.149313E-02	    1.731896E-03	
    1.337386E-02	    1.608178E-03	
    1.531103E-02	    1.461076E-03	
    1.725092E-02	    1.293720E-03	
    1.913143E-02	    1.112282E-03	
    2.088916E-02	    9.255513E-04	
    2.246807E-02	    7.436532E-04	
    2.382791E-02	    5.762197E-04	
    2.494950E-02	    4.305981E-04	
    2.583552E-02	    3.107424E-04	
    2.650678E-02	    2.171006E-04	
    2.699568E-02	    1.473561E-04	
    2.733914E-02	    9.758162E-05	
    2.757281E-02	    6.335065E-05	
    2.772747E-02	    4.052958E-05	
    2.782757E-02	    2.569097E-05	
    2.786304E-02	    2.041848E-05	
   -2.786228E-02	    1.440734E-05	
   -2.782661E-02	    1.812749E-05	
   -2.772597E-02	    2.859702E-05	
   -2.757047E-02	    4.469784E-05	
   -2.733557E-02	    6.884678E-05	
   -2.699037E-02	    1.039572E-04	
   -2.649909E-02	    1.531466E-04	
   -2.582480E-02	    2.191757E-04	
   -2.493515E-02	    3.036649E-04	
   -2.380958E-02	    4.062806E-04	
   -2.244577E-02	    5.242173E-04	
   -2.086335E-02	    6.522828E-04	
   -1.910304E-02	    7.836863E-04	
   -1.722114E-02	    9.113019E-04	
   -1.528120E-02	    1.028959E-03	
   -1.334518E-02	    1.132333E-03	
   -1.146660E-02	    1.219242E-03	
   -9.686574E-03	    1.289429E-03	
   -8.032844E-03	    1.344038E-03	
   -6.520876E-03	    1.385039E-03	
   -5.156163E-03	    1.414728E-03	
   -3.936815E-03	    1.435382E-03	
   -2.855982E-03	    1.449058E-03	
   -1.903824E-03	    1.457499E-03	
   -1.069004E-03	    1.462122E-03	
   -3.397255E-04	    1.464036E-03	
    3.397255E-04	    1.464036E-03	
    1.069004E-03	    1.462122E-03	
    1.903824E-03	    1.457499E-03	
    2.855982E-03	    1.449058E-03	
    3.936815E-03	    1.435382E-03	
    5.156163E-03	    1.414728E-03	
    6.520876E-03	    1.385039E-03	
    8.032844E-03	    1.344038E-03	
    9.686574E-03	    1.289429E-03	
    1.146660E-02	    1.219242E-03	
    1.334518E-02	    1.132333E-03	
    1.528120E-02	    1.028959E-03	
    1.722114E-02	    9.113019E-04	
    1.910304E-02	    7.836863E-04	
    2.086335E-02	    6.522828E-04	
    2.244577E-02	    5.242173E-04	
    2.380958E-02	    4.062806E-04	
    2.493515E-02	    3.036649E-04	
    2.582480E-02	    2.191757E-04	
    2.649909E-02	    1.531466E-04	
    2.699037E-02	    1.039572E-04	
    2.733557E-02	    6.884678E-05	
    2.757047E-02	    4.469784E-05	
    2.772597E-02	    2.859702E-05	
    2.782661E-02	    1.812749E-05	
    2.786228E-02	    1.440734E-05	
   -2.786187E-02	    9.659064E-06	
   -2.782609E-02	    1.215311E-05	
   -2.772515E-02	    1.917193E-05	
   -2.756920E-02	    2.996569E-05	
   -2.733364E-02	    4.615413E-05	
   -2.698748E-02	    6.968928E-05	
   -2.649492E-02	    1.026589E-04	
   -2.581897E-02	    1.469103E-04	
   -2.492736E-02	    2.035244E-04	
   -2.379962E-02	    2.722715E-04	
   -2.243366E-02	    3.512649E-04	
   -2.084935E-02	    4.370208E-04	
   -1.908764E-02	    5.249885E-04	
   -1.720500E-02	    6.103975E-04	
   -1.526503E-02	    6.891218E-04	
   -1.332964E-02	    7.582735E-04	
   -1.145222E-02	    8.164001E-04	
   -9.673733E-03	    8.633344E-04	
   -8.021745E-03	    8.998473E-04	
   -6.511592E-03	    9.272586E-04	
   -5.148664E-03	    9.471058E-04	
   -3.931006E-03	    9.609127E-04	
   -2.851728E-03	    9.700543E-04	
   -1.900972E-03	    9.756970E-04	
   -1.067397E-03	    9.787869E-04	
   -3.392142E-04	    9.800659E-04	
    3.392142E-04	    9.800659E-04	
    1.067397E-03	    9.787869E-04	
    1.900972E-03	    9.756970E-04	
    2.851728E-03	    9.700543E-04	
    3.931006E-03	    9.609127E-04	
    5.148664E-03	    9.471058E-04	
    6.511592E-03	    9.272586E-04	
    8.021745E-03	    8.998473E-04	
    9.673733E-03	    8.633344E-04	
    1.145222E-02	    8.164001E-04	
    1.332964E-02	    7.582735E-04	
    1.526503E-02	    6.891218E-04	
    1.720500E-02	    6.103975E-04	
    1.908764E-02	    5.249885E-04	
    2.084935E-02	    4.370208E-04	
    2.243366E-02	    3.512649E-04	
    2.379962E-02	    2.722715E-04	
    2.492736E-02	    2.035244E-04	
    2.581897E-02	    1.469103E-04	
    2.649492E-02	    1.026589E-04	
    2.698748E-02	    6.968928E-05	
    2.733364E-02	    4.615413E-05	
    2.756920E-02	    2.996569E-05	
    2.772515E-02	    1.917193E-05	
    2.782609E-02	    1.215311E-05	
    2.786187E-02	    9.659064E-06	
   -2.786166E-02	    5.962171E-06	
   -2.782583E-02	    7.501636E-06	
   -2.772474E-02	    1.183401E-05	
   -2.756857E-02	    1.849639E-05	
   -2.733266E-02	    2.848838E-05	
   -2.698602E-02	    4.301453E-05	
   -2.649281E-02	    6.336286E-05	
   -2.581604E-02	    9.067247E-05	
   -2.492343E-02	    1.256090E-04	
   -2.379461E-02	    1.680286E-04	
   -2.242756E-02	    2.167651E-04	
   -2.084230E-02	    2.696670E-04	
   -1.907989E-02	    3.239261E-04	
   -1.719688E-02	    3.765999E-04	
   -1.525689E-02	    4.251449E-04	
   -1.332182E-02	    4.677821E-04	
   -1.144499E-02	    5.036180E-04	
   -9.667271E-03	    5.325513E-04	
   -8.016160E-03	    5.550588E-04	
   -6.506921E-03	    5.719550E-04	
   -5.144891E-03	    5.841882E-04	
   -3.928084E-03	    5.926982E-04	
   -2.849587E-03	    5.983326E-04	
   -1.899537E-03	    6.018104E-04	
   -1.066589E-03	    6.037148E-04	
   -3.389570E-04	    6.045031E-04	
    3.389570E-04	    6.045031E-04	
    1.066589E-03	    6.037148E-04	
    1.899537E-03	    6.018104E-04	
    2.849587E-03	    5.983326E-04	
    3.928084E-03	    5.926982E-04	
    5.144891E-03	    5.841882E-04	
    6.506921E-03	    5.719550E-04	
    8.016160E-03	    5.550588E-04	
    9.667271E-03	    5.325513E-04	
    1.144499E-02	    5.036180E-04	
    1.332182E-02	    4.677821E-04	
    1.525689E-02	    4.251449E-04	
    1.719688E-02	    3.765999E-04	
    1.907989E-02	    3.239261E-04	
    2.084230E-02	    2.696670E-04	
    2.242756E-02	    2.167651E-04	
    2.379461E-02	    1.680286E-04	
    2.492343E-02	    1.256090E-04	
    2.581604E-02	    9.067247E-05	
    2.649281E-02	    6.336286E-05	
    2.698602E-02	    4.301453E-05	
    2.733266E-02	    2.848838E-05	
    2.756857E-02	    1.849639E-05	
    2.772474E-02	    1.183401E-05	
    2.782583E-02	    7.501636E-06	
    2.786166E-02	    5.962171E-06	
   -2.786157E-02	    3.114965E-06	
   -2.782571E-02	    3.919262E-06	
   -2.772456E-02	    6.182715E-06	
   -2.756828E-02	    9.663458E-06	
   -2.733222E-02	    1.488370E-05	
   -2.698537E-02	    2.247268E-05	
   -2.649187E-02	    3.310316E-05	
   -2.581472E-02	    4.737002E-05	
   -2.492168E-02	    6.562062E-05	
   -2.379237E-02	    8.777940E-05	
   -2.242483E-02	    1.132366E-04	
   -2.083915E-02	    1.408680E-04	
   -1.907642E-02	    1.692066E-04	
   -1.719325E-02	    1.967156E-04	
   -1.525325E-02	    2.220668E-04	
   -1.331832E-02	    2.443317E-04	
   -1.144176E-02	    2.630442E-04	
   -9.664385E-03	    2.781519E-04	
   -8.013666E-03	    2.899039E-04	
   -6.504834E-03	    2.987258E-04	
   -5.143207E-03	    3.051130E-04	
   -3.926779E-03	    3.095562E-04	
   -2.848632E-03	    3.124979E-04	
   -1.898896E-03	    3.143137E-04	
   -1.066228E-03	    3.153080E-04	
   -3.388422E-04	    3.157196E-04	
    3.388422E-04	    3.157196E-04	
    1.066228E-03	    3.153080E-04	
    1.898896E-03	    3.143137E-04	
    2.848632E-03	    3.124979E-04	
    3.926779E-03	    3.095562E-04	
    5.143207E-03	    3.051130E-04	
    6.504834E-03	    2.987258E-04	
    8.013666E-03	    2.899039E-04	
    9.664385E-03	    2.781519E-04	
    1.144176E-02	    2.630442E-04	
    1.331832E-02	    2.443317E-04	
    1.525325E-02	    2.220668E-04	
    1.719325E-02	    1.967156E-04	
    1.907642E-02	    1.692066E-04	
    2.083915E-02	    1.408680E-04	
    2.242483E-02	    1.132366E-04	
    2.379237E-02	    8.777940E-05	
    2.492168E-02	    6.562062E-05	
    2.581472E-02	    4.737002E-05	
    2.649187E-02	    3.310316E-05	
    2.698537E-02	    2.247268E-05	
    2.733222E-02	    1.488370E-05	
    2.756828E-02	    9.663458E-06	
    2.772456E-02	    6.182715E-06	
    2.782571E-02	    3.919262E-06	
    2.786157E-02	    3.114965E-06	
   -2.786154E-02	    9.399091E-07	
   -2.782567E-02	    1.182597E-06	
   -2.772450E-02	    1.865569E-06	
   -2.756818E-02	    2.915843E-06	
   -2.733207E-02	    4.490986E-06	
   -2.698515E-02	    6.780856E-06	
   -2.649155E-02	    9.988434E-06	
   -2.581428E-02	    1.429319E-05	
   -2.492108E-02	    1.979990E-05	
   -2.379160E-02	    2.648572E-05	
   -2.242390E-02	    3.416661E-05	
   -2.083807E-02	    4.250335E-05	
   -1.907524E-02	    5.105326E-05	
   -1.719201E-02	    5.935271E-05	
   -1.525201E-02	    6.700103E-05	
   -1.331713E-02	    7.371811E-05	
   -1.144065E-02	    7.936338E-05	
   -9.663401E-03	    8.392105E-05	
   -8.012815E-03	    8.746637E-05	
   -6.504123E-03	    9.012773E-05	
   -5.142632E-03	    9.205458E-05	
   -3.926334E-03	    9.339495E-05	
   -2.848306E-03	    9.428240E-05	
   -1.898677E-03	    9.483017E-05	
   -1.066105E-03	    9.513011E-05	
   -3.388030E-04	    9.525428E-05	
    3.388030E-04	    9.525428E-05	
    1.066105E-03	    9.513011E-05	
    1.898677E-03	    9.483017E-05	
    2.848306E-03	    9.428240E-05	
    3.926334E-03	    9.339495E-05	
    5.142632E-03	    9.205458E-05	
    6.504123E-03	    9.012773E-05	
    8.012815E-03	    8.746637E-05	
    9.663401E-03	    8.392105E-05	
    1.144065E-02	    7.936338E-05	
    1.331713E-02	    7.371811E-05	
    1.525201E-02	    6.700103E-05	
    1.719201E-02	    5.935271E-05	
    1.907524E-02	    5.105326E-05	
    2.083807E-02	    4.250335E-05	
    2.242390E-02	    3.416661E-05	
    2.379160E-02	    2.648572E-05	
    2.492108E-02	    1.979990E-05	
    2.581428E-02	    1.429319E-05	
    2.649155E-02	    9.988434E-06	
    2.698515E-02	    6.780856E-06	
    2.733207E-02	    4.490986E-06	
    2.756818E-02	    2.915843E-06	
    2.772450E-02	    1.865569E-06	
    2.782567E-02	    1.182597E-06	
    2.786154E-02	    9.399091E-07	
   -2.786154E-02	   -9.399091E-07	
   -2.782567E-02	   -1.182597E-06	
   -2.772450E-02	   -1.865569E-06	
   -2.756818E-02	   -2.915843E-06	
   -2.733207E-02	   -4.490986E-06	
   -2.698515E-02	   -6.780856E-06	
   -2.649155E-02	   -9.988434E-06	
   -2.581428E-02	   -1.429319E-05	
   -2.492108E-02	   -1.979990E-05	
   -2.379160E-02	   -2.648572E-05	
   -2.242390E-02	   -3.416661E-05	
   -2.083807E-02	   -4.250335E-05	
   -1.907524E-02	   -5.105326E-05	
   -1.719201E-02	   -5.935271E-05	
   -1.525201E-02	   -6.700103E-05	
   -1.331713E-02	   -7.371811E-05	
   -1.144065E-02	   -7.936338E-05	
   -9.663401E-03	   -8.392105E-05	
   -8.012815E-03	   -8.746637E-05	
   -6.504123E-03	   -9.012773E-05	
   -5.142632E-03	   -9.205458E-05	
   -3.926334E-03	   -9.339495E-05	
   -2.848306E-03	   -9.428240E-05	
   -1.898677E-03	   -9.483017E-05	
   -1.066105E-03	   -9.513011E-05	
   -3.388030E-04	   -9.525428E-05	
    3.388030E-04	   -9.525428E-05	
    1.066105E-03	   -9.513011E-05	
    1.898677E-03	   -9.483017E-05	
    2.848306E-03	   -9.428240E-05	
    3.926334E-03	   -9.339495E-05	
    5.142632E-03	   -9.205458E-05	
    6.504123E-03	   -9.012773E-05	
    8.012815E-03	   -8.746637E-05	
    9.663401E-03	   -8.392105E-05	
    1.144065E-02	   -7.936338E-05	
    1.331713E-02	   -7.371811E-05	
    1.525201E-02	   -6.700103E-05	
    1.719201E-02	   -5.935271E-05	
    1.907524E-02	   -5.105326E-05	
    2.083807E-02	   -4.250335E-05	
    2.242390E-02	   -3.416661E-05	
    2.379160E-02	   -2.648572E-05	
    2.492108E-02	   -1.979990E-05	
    2.581428E-02	   -1.429319E-05	
    2.649155E-02	   -9.988434E-06	
    2.698515E-02	   -6.780856E-06	
    2.733207E-02	   -4.490986E-06	
    2.756818E-02	   -2.915843E-06	
    2.772450E-02	   -1.865569E-06	
    2.782567E-02	   -1.182597E-06	
    2.786154E-02	   -9.399091E-07	
   -2.786157E-02	   -3.114965E-06	
   -2.782571E-02	   -3.919262E-06	
   -2.772456E-02	   -6.182715E-06	
   -2.756828E-02	   -9.663458E-06	
   -2.733222E-02	   -1.488370E-05	
   -2.698537E-02	   -2.247268E-05	
   -2.649187E-02	   -3.310316E-05	
   -2.581472E-02	   -4.737002E-05	
   -2.492168E-02	   -6.562062E-05	
   -2.379237E-02	   -8.777940E-05	
   -2.242483E-02	   -1.132366E-04	
   -2.083915E-02	   -1.408680E-04	
   -1.907642E-02	   -1.692066E-04	
   -1.719325E-02	   -1.967156E-04	
   -1.525325E-02	   -2.220668E-04	
   -1.331832E-02	   -2.443317E-04	
   -1.144176E-02	   -2.630442E-04	
   -9.664385E-03	   -2.781519E-04	
   -8.013666E-03	   -2.899039E-04	
   -6.504834E-03	   -2.987258E-04	
   -5.143207E-03	   -3.051130E-04	
   -3.926779E-03	   -3.095562E-04	
   -2.848632E-03	   -3.124979E-04	
   -1.898896E-03	   -3.143137E-04	
   -1.066228E-03	   -3.153080E-04	
   -3.388422E-04	   -3.157196E-04	
    3.388422E-04	   -3.157196E-04	
    1.066228E-03	   -3.153080E-04	
    1.898896E-03	   -3.143137E-04	
    2.848632E-03	   -3.124979E-04	
    3.926779E-03	   -3.095562E-04	
    5.143207E-03	   -3.051130E-04	
    6.504834E-03	   -2.987258E-04	
    8.013666E-03	   -2.899039E-04	
    9.664385E-03	   -2.781519E-04	
    1.144176E-02	   -2.630442E-04	
    1.331832E-02	   -2.443317E-04	
    1.525325E-02	   -2.220668E-04	
    1.719325E-02	   -1.967156E-04	
    1.907642E-02	   -1.692066E-04	
    2.083915E-02	   -1.408680E-04	
    2.242483E-02	   -1.132366E-04	
    2.379237E-02	   -8.777940E-05	
    2.492168E-02	   -6.562062E-05	
    2.581472E-02	   -4.737002E-05	
    2.649187E-02	   -3.310316E-05	
    2.698537E-02	   -2.247268E-05	
    2.733222E-02	   -1.488370E-05	
    2.756828E-02	   -9.663458E-06	
    2.772456E-02	   -6.182715E-06	
    2.782571E-02	   -3.919262E-06	
    2.786157E-02	   -3.114965E-06	
   -2.786166E-02	   -5.962171E-06	
   -2.782583E-02	   -7.501636E-06	
   -2.772474E-02	   -1.183401E-05	
   -2.756857E-02	   -1.849639E-05	
   -2.733266E-02	   -2.848838E-05	
   -2.698602E-02	   -4.301453E-05	
   -2.649281E-02	   -6.336286E-05	
   -2.581604E-02	   -9.067247E-05	
   -2.492343E-02	   -1.256090E-04	
   -2.379461E-02	   -1.680286E-04	
   -2.242756E-02	   -2.167651E-04	
   -2.084230E-02	   -2.696670E-04	
   -1.907989E-02	   -3.239261E-04	
   -1.719688E-02	   -3.765999E-04	
   -1.525689E-02	   -4.251449E-04	
   -1.332182E-02	   -4.677821E-04	
   -1.144499E-02	   -5.036180E-04	
   -9.667271E-03	   -5.325513E-04	
   -8.016160E-03	   -5.550588E-04	
   -6.506921E-03	   -5.719550E-04	
   -5.144891E-03	   -5.841882E-04	
   -3.928084E-03	   -5.926982E-04	
   -2.849587E-03	   -5.983326E-04	
   -1.899537E-03	   -6.018104E-04	
   -1.066589E-03	   -6.037148E-04	
   -3.389570E-04	   -6.045031E-04	
    3.389570E-04	   -6.045031E-04	
    1.066589E-03	   -6.037148E-04	
    1.899537E-03	   -6.018104E-04	
    2.849587E-03	   -5.983326E-04	
    3.928084E-03	   -5.926982E-04	
    5.144891E-03	   -5.841882E-04	
    6.506921E-03	   -5.719550E-04	
    8.016160E-03	   -5.550588E-04	
    9.667271E-03	   -5.325513E-04	
    1.144499E-02	   -5.036180E-04	
    1.332182E-02	   -4.677821E-04	
    1.525689E-02	   -4.251449E-04	
    1.719688E-02	   -3.765999E-04	
    1.907989E-02	   -3.239261E-04	
    2.084230E-02	   -2.696670E-04	
    2.242756E-02	   -2.167651E-04	
    2.379461E-02	   -1.680286E-04	
    2.492343E-02	   -1.256090E-04	
    2.581604E-02	   -9.067247E-05	
    2.649281E-02	   -6.336286E-05	
    2.698602E-02	   -4.301453E-05	
    2.733266E-02	   -2.848838E-05	
    2.756857E-02	   -1.849639E-05	
    2.772474E-02	   -1.183401E-05	
    2.782583E-02	   -7.501636E-06	
    2.786166E-02	   -5.962171E-06	
   -2.786187E-02	   -9.659064E-06	
   -2.782609E-02	   -1.215311E-05	
   -2.772515E-02	   -1.917193E-05	
   -2.756920E-02	   -2.996569E-05	
   -2.733364E-02	   -4.615413E-05	
   -2.698748E-02	   -6.968928E-05	
   -2.649492E-02	   -1.026589E-04	
   -2.581897E-02	   -1.469103E-04	
   -2.492736E-02	   -2.035244E-04	
   -2.379962E-02	   -2.722715E-04	
   -2.243366E-02	   -3.512649E-04	
   -2.084935E-02	   -4.370208E-04	
   -1.908764E-02	   -5.249885E-04	
   -1.720500E-02	   -6.103975E-04	
   -1.526503E-02	   -6.891218E-04	
   -1.332964E-02	   -7.582735E-04	
   -1.145222E-02	   -8.164001E-04	
   -9.673733E-03	   -8.633344E-04	
   -8.021745E-03	   -8.998473E-04	
   -6.511592E-03	   -9.272586E-04	
   -5.148664E-03	   -9.471058E-04	
   -3.931006E-03	   -9.609127E-04	
   -2.851728E-03	   -9.700543E-04	
   -1.900972E-03	   -9.756970E-04	
   -1.067397E-03	   -9.787869E-04	
   -3.392142E-04	   -9.800659E-04	
    3.392142E-04	   -9.800659E-04	
    1.067397E-03	   -9.787869E-04	
    1.900972E-03	   -9.756970E-04	
    2.851728E-03	   -9.700543E-04	
    3.931006E-03	   -9.609127E-04	
    5.148664E-03	   -9.471058E-04	
    6.511592E-03	   -9.272586E-04	
    8.021745E-03	   -8.998473E-04	
    9.673733E-03	   -8.633344E-04	
    1.145222E-02	   -8.164001E-04	
    1.332964E-02	   -7.582735E-04	
    1.526503E-02	   -6.891218E-04	
    1.720500E-02	   -6.103975E-04	
    1.908764E-02	   -5.249885E-04	
    2.084935E-02	   -4.370208E-04	
    2.243366E-02	   -3.512649E-04	
    2.379962E-02	   -2.722715E-04	
    2.492736E-02	   -2.035244E-04	
    2.581897E-02	   -1.469103E-04	
    2.649492E-02	   -1.026589E-04	
    2.698748E-02	   -6.968928E-05	
    2.733364E-02	   -4.615413E-05	
    2.756920E-02	   -2.996569E-05	
    2.772515E-02	   -1.917193E-05	
    2.782609E-02	   -1.215311E-05	
    2.786187E-02	   -9.659064E-06	
   -2.786228E-02	   -1.440734E-05	
   -2.782661E-02	   -1.812749E-05	
   -2.772597E-02	   -2.859702E-05	
   -2.757047E-02	   -4.469784E-05	
   -2.733557E-02	   -6.884678E-05	
   -2.699037E-02	   -1.039572E-04	
   -2.649909E-02	   -1.531466E-04	
   -2.582480E-02	   -2.191757E-04	
   -2.493515E-02	   -3.036649E-04	
   -2.380958E-02	   -4.062806E-04	
   -2.244577E-02	   -5.242173E-04	
   -2.086335E-02	   -6.522828E-04	
   -1.910304E-02	   -7.836863E-04	
   -1.722114E-02	   -9.113019E-04	
   -1.528120E-02	   -1.028959E-03	
   -1.334518E-02	   -1.132333E-03	
   -1.146660E-02	   -1.219242E-03	
   -9.686574E-03	   -1.289429E-03	
   -8.032844E-03	   -1.344038E-03	
   -6.520876E-03	   -1.385039E-03	
   -5.156163E-03	   -1.414728E-03	
   -3.936815E-03	   -1.435382E-03	
   -2.855982E-03	   -1.449058E-03	
   -1.903824E-03	   -1.457499E-03	
   -1.069004E-03	   -1.462122E-03	
   -3.397255E-04	   -1.464036E-03	
    3.397255E-04	   -1.464036E-03	
    1.069004E-03	   -1.462122E-03	
    1.903824E-03	   -1.457499E-03	
    2.855982E-03	   -1.449058E-03	
    3.936815E-03	   -1.435382E-03	
    5.156163E-03	   -1.414728E-03	
    6.520876E-03	   -1.385039E-03	
    8.032844E-03	   -1.344038E-03	
    9.686574E-03	   -1.289429E-03	
    1.146660E-02	   -1.219242E-03	
    1.334518E-02	   -1.132333E-03	
    1.528120E-02	   -1.028959E-03	
    1.722114E-02	   -9.113019E-04	
    1.910304E-02	   -7.836863E-04	
    2.086335E-02	   -6.522828E-04	
    2.244577E-02	   -5.242173E-04	
    2.380958E-02	   -4.062806E-04	
    2.493515E-02	   -3.036649E-04	
    2.582480E-02	   -2.191757E-04	
    2.649909E-02	   -1.531466E-04	
    2.699037E-02	   -1.039572E-04	
    2.733557E-02	   -6.884678E-05	
    2.757047E-02	   -4.469784E-05	
    2.772597E-02	   -2.859702E-05	
    2.782661E-02	   -1.812749E-05	
    2.786228E-02	   -1.440734E-05	
   -2.786304E-02	   -2.041848E-05	
   -2.782757E-02	   -2.569097E-05	
   -2.772747E-02	   -4.052958E-05	
   -2.757281E-02	   -6.335065E-05	
   -2.733914E-02	   -9.758162E-05	
   -2.699568E-02	   -1.473561E-04	
   -2.650678E-02	   -2.171006E-04	
   -2.583552E-02	   -3.107424E-04	
   -2.494950E-02	   -4.305981E-04	
   -2.382791E-02	   -5.762197E-04	
   -2.246807E-02	   -7.436532E-04	
   -2.088916E-02	   -9.255513E-04	
   -1.913143E-02	   -1.112282E-03	
   -1.725092E-02	   -1.293720E-03	
   -1.531103E-02	   -1.461076E-03	
   -1.337386E-02	   -1.608178E-03	
   -1.149313E-02	   -1.731896E-03	
   -9.710286E-03	   -1.831838E-03	
   -8.053343E-03	   -1.909617E-03	
   -6.538026E-03	   -1.968024E-03	
   -5.170014E-03	   -2.010322E-03	
   -3.947546E-03	   -2.039752E-03	
   -2.863841E-03	   -2.059240E-03	
   -1.909094E-03	   -2.071269E-03	
   -1.071972E-03	   -2.077857E-03	
   -3.406700E-04	   -2.080584E-03	
    3.406700E-04	   -2.080584E-03	
    1.071972E-03	   -2.077857E-03	
    1.909094E-03	   -2.071269E-03	
    2.863841E-03	   -2.059240E-03	
    3.947546E-03	   -2.039752E-03	
    5.170014E-03	   -2.010322E-03	
    6.538026E-03	   -1.968024E-03	
    8.053343E-03	   -1.909617E-03	
    9.710286E-03	   -1.831838E-03	
    1.149313E-02	   -1.731896E-03	
    1.337386E-02	   -1.608178E-03	
    1.531103E-02	   -1.461076E-03	
    1.725092E-02	   -1.293720E-03	
    1.913143E-02	   -1.112282E-03	
    2.088916E-02	   -9.255513E-04	
    2.246807E-02	   -7.436532E-04	
    2.382791E-02	   -5.762197E-04	
    2.494950E-02	   -4.305981E-04	
    2.583552E-02	   -3.107424E-04	
    2.650678E-02	   -2.171006E-04	
    2.699568E-02	   -1.473561E-04	
    2.733914E-02	   -9.758162E-05	
    2.757281E-02	   -6.335065E-05	
    2.772747E-02	   -4.052958E-05	
    2.782757E-02	   -2.569097E-05	
    2.786304E-02	   -2.041848E-05	
   -2.786436E-02	   -2.788451E-05	
   -2.782922E-02	   -3.508532E-05	
   -2.773008E-02	   -5.535183E-05	
   -2.757686E-02	   -8.652347E-05	
   -2.734533E-02	   -1.332863E-04	
   -2.700491E-02	   -2.012962E-04	
   -2.652013E-02	   -2.966189E-04	
   -2.585416E-02	   -4.246515E-04	
   -2.497445E-02	   -5.886066E-04	
   -2.385980E-02	   -7.879307E-04	
   -2.250689E-02	   -1.017277E-03	
   -2.093410E-02	   -1.266639E-03	
   -1.918092E-02	   -1.522846E-03	
   -1.730284E-02	   -1.772003E-03	
   -1.536310E-02	   -2.002010E-03	
   -1.342393E-02	   -2.204328E-03	
   -1.153949E-02	   -2.374591E-03	
   -9.751719E-03	   -2.512206E-03	
   -8.089171E-03	   -2.619347E-03	
   -6.568007E-03	   -2.699830E-03	
   -5.194234E-03	   -2.758129E-03	
   -3.966311E-03	   -2.798698E-03	
   -2.877585E-03	   -2.825565E-03	
   -1.918309E-03	   -2.842150E-03	
   -1.077164E-03	   -2.851233E-03	
   -3.423220E-04	   -2.854993E-03	
    3.423220E-04	   -2.854993E-03	
    1.077164E-03	   -2.851233E-03	
    1.918309E-03	   -2.842150E-03	
    2.877585E-03	   -2.825565E-03	
    3.966311E-03	   -2.798698E-03	
    5.194234E-03	   -2.758129E-03	
    6.568007E-03	   -2.699830E-03	
    8.089171E-03	   -2.619347E-03	
    9.751719E-03	   -2.512206E-03	
    1.153949E-02	   -2.374591E-03	
    1.342393E-02	   -2.204328E-03	
    1.536310E-02	   -2.002010E-03	
    1.730284E-02	   -1.772003E-03	
    1.918092E-02	   -1.522846E-03	
    2.093410E-02	   -1.266639E-03	
    2.250689E-02	   -1.017277E-03	
    2.385980E-02	   -7.879307E-04	
    2.497445E-02	   -5.886066E-04	
    2.585416E-02	   -4.246515E-04	
    2.652013E-02	   -2.966189E-04	
    2.700491E-02	   -2.012962E-04	
    2.734533E-02	   -1.332863E-04	
    2.757686E-02	   -8.652347E-05	
    2.773008E-02	   -5.535183E-05	
    2.782922E-02	   -3.508532E-05	
    2.786436E-02	   -2.788451E-05	
   -2.786654E-02	   -3.692956E-05	
   -2.783195E-02	   -4.646707E-05	
   -2.773437E-02	   -7.331224E-05	
   -2.758353E-02	   -1.146084E-04	
   -2.735552E-02	   -1.765731E-04	
   -2.702012E-02	   -2.667211E-04	
   -2.654215E-02	   -3.931303E-04	
   -2.588489E-02	   -5.630229E-04	
   -2.501562E-02	   -7.807606E-04	
   -2.391249E-02	   -1.045739E-03	
   -2.257110E-02	   -1.350995E-03	
   -2.100851E-02	   -1.683338E-03	
   -1.926295E-02	   -2.025288E-03	
   -1.738901E-02	   -2.358300E-03	
   -1.544959E-02	   -2.666133E-03	
   -1.350719E-02	   -2.937236E-03	
   -1.161663E-02	   -3.165627E-03	
   -9.820713E-03	   -3.350382E-03	
   -8.148861E-03	   -3.494325E-03	
   -6.617972E-03	   -3.602509E-03	
   -5.234608E-03	   -3.680904E-03	
   -3.997598E-03	   -3.735473E-03	
   -2.900503E-03	   -3.771619E-03	
   -1.933678E-03	   -3.793935E-03	
   -1.085821E-03	   -3.806157E-03	
   -3.450771E-04	   -3.811217E-03	
    3.450771E-04	   -3.811217E-03	
    1.085821E-03	   -3.806157E-03	
    1.933678E-03	   -3.793935E-03	
    2.900503E-03	   -3.771619E-03	
    3.997598E-03	   -3.735473E-03	
    5.234608E-03	   -3.680904E-03	
    6.617972E-03	   -3.602509E-03	
    8.148861E-03	   -3.494325E-03	
    9.820713E-03	   -3.350382E-03	
    1.161663E-02	   -3.165627E-03	
    1.350719E-02	   -2.937236E-03	
    1.544959E-02	   -2.666133E-03	
    1.738901E-02	   -2.358300E-03	
    1.926295E-02	   -2.025288E-03	
    2.100851E-02	   -1.683338E-03	
    2.257110E-02	   -1.350995E-03	
    2.391249E-02	   -1.045739E-03	
    2.501562E-02	   -7.807606E-04	
    2.588489E-02	   -5.630229E-04	
    2.654215E-02	   -3.931303E-04	
    2.702012E-02	   -2.667211E-04	
    2.735552E-02	   -1.765731E-04	
    2.758353E-02	   -1.146084E-04	
    2.773437E-02	   -7.331224E-05	
    2.783195E-02	   -4.646707E-05	
    2.786654E-02	   -3.692956E-05	
   -2.786993E-02	   -4.754335E-05	
   -2.783622E-02	   -5.982388E-05	
   -2.774108E-02	   -9.439396E-05	
   -2.759396E-02	   -1.475853E-04	
   -2.737146E-02	   -2.274260E-04	
   -2.704390E-02	   -3.436388E-04	
   -2.657660E-02	   -5.067136E-04	
   -2.593303E-02	   -7.260987E-04	
   -2.508018E-02	   -1.007627E-03	
   -2.399522E-02	   -1.350784E-03	
   -2.267209E-02	   -1.746848E-03	
   -2.112576E-02	   -2.178968E-03	
   -1.939244E-02	   -2.624575E-03	
   -1.752527E-02	   -3.059509E-03	
   -1.558660E-02	   -3.462413E-03	
   -1.363927E-02	   -3.817928E-03	
   -1.173915E-02	   -4.117930E-03	
   -9.930403E-03	   -4.360948E-03	
   -8.243834E-03	   -4.550492E-03	
   -6.697519E-03	   -4.693067E-03	
   -5.298914E-03	   -4.796450E-03	
   -4.047444E-03	   -4.868443E-03	
   -2.937024E-03	   -4.916145E-03	
   -1.958171E-03	   -4.945602E-03	
   -1.099620E-03	   -4.961737E-03	
   -3.494682E-04	   -4.968416E-03	
    3.494682E-04	   -4.968416E-03	
    1.099620E-03	   -4.961737E-03	
    1.958171E-03	   -4.945602E-03	
    2.937024E-03	   -4.916145E-03	
    4.047444E-03	   -4.868443E-03	
    5.298914E-03	   -4.796450E-03	
    6.697519E-03	   -4.693067E-03	
    8.243834E-03	   -4.550492E-03	
    9.930403E-03	   -4.360948E-03	
    1.173915E-02	   -4.117930E-03	
    1.363927E-02	   -3.817928E-03	
    1.558660E-02	   -3.462413E-03	
    1.752527E-02	   -3.059509E-03	
    1.939244E-02	   -2.624575E-03	
    2.112576E-02	   -2.178968E-03	
    2.267209E-02	   -1.746848E-03	
    2.399522E-02	   -1.350784E-03	
    2.508018E-02	   -1.007627E-03	
    2.593303E-02	   -7.260987E-04	
    2.657660E-02	   -5.067136E-04	
    2.704390E-02	   -3.436388E-04	
    2.737146E-02	   -2.274260E-04	
    2.759396E-02	   -1.475853E-04	
    2.774108E-02	   -9.439396E-05	
    2.783622E-02	   -5.982388E-05	
    2.786993E-02	   -4.754335E-05	
   -2.787494E-02	   -5.950988E-05	
   -2.784251E-02	   -7.488486E-05	
   -2.775097E-02	   -1.181736E-04	
   -2.760936E-02	   -1.848020E-04	
   -2.739500E-02	   -2.848622E-04	
   -2.707906E-02	   -4.306136E-04	
   -2.662758E-02	   -6.353546E-04	
   -2.600438E-02	   -9.111925E-04	
   -2.517603E-02	   -1.265837E-03	
   -2.411832E-02	   -1.699142E-03	
   -2.282273E-02	   -2.200658E-03	
   -2.130113E-02	   -2.749557E-03	
   -1.958668E-02	   -3.317483E-03	
   -1.773024E-02	   -3.873673E-03	
   -1.579322E-02	   -4.390555E-03	
   -1.383891E-02	   -4.847970E-03	
   -1.192469E-02	   -5.234930E-03	
   -1.009678E-02	   -5.549044E-03	
   -8.388060E-03	   -5.794446E-03	
   -6.818431E-03	   -5.979275E-03	
   -5.396722E-03	   -6.113422E-03	
   -4.123295E-03	   -6.206903E-03	
   -2.992615E-03	   -6.268870E-03	
   -1.995461E-03	   -6.307148E-03	
   -1.120630E-03	   -6.328117E-03	
   -3.561544E-04	   -6.336800E-03	
    3.561544E-04	   -6.336800E-03	
    1.120630E-03	   -6.328117E-03	
    1.995461E-03	   -6.307148E-03	
    2.992615E-03	   -6.268870E-03	
    4.123295E-03	   -6.206903E-03	
    5.396722E-03	   -6.113422E-03	
    6.818431E-03	   -5.979275E-03	
    8.388060E-03	   -5.794446E-03	
    1.009678E-02	   -5.549044E-03	
    1.192469E-02	   -5.234930E-03	
    1.383891E-02	   -4.847970E-03	
    1.579322E-02	   -4.390555E-03	
    1.773024E-02	   -3.873673E-03	
    1.958668E-02	   -3.317483E-03	
    2.130113E-02	   -2.749557E-03	
    2.282273E-02	   -2.200658E-03	
    2.411832E-02	   -1.699142E-03	
    2.517603E-02	   -1.265837E-03	
    2.600438E-02	   -9.111925E-04	
    2.662758E-02	   -6.353546E-04	
    2.707906E-02	   -4.306136E-04	
    2.739500E-02	   -2.848622E-04	
    2.760936E-02	   -1.848020E-04	
    2.775097E-02	   -1.181736E-04	
    2.784251E-02	   -7.488486E-05	
    2.787494E-02	   -5.950988E-05	
   -2.788189E-02	   -7.236183E-05	
   -2.785125E-02	   -9.106310E-05	
   -2.776472E-02	   -1.437301E-04	
   -2.763074E-02	   -2.248305E-04	
   -2.742773E-02	   -3.467093E-04	
   -2.712799E-02	   -5.244256E-04	
   -2.669863E-02	   -7.744361E-04	
   -2.610400E-02	   -1.111944E-03	
   -2.531023E-02	   -1.547030E-03	
   -2.429120E-02	   -2.080384E-03	
   -2.303505E-02	   -2.700141E-03	
   -2.154931E-02	   -3.381470E-03	
   -1.986268E-02	   -4.089761E-03	
   -1.802265E-02	   -4.786734E-03	
   -1.608909E-02	   -5.437416E-03	
   -1.412575E-02	   -6.015635E-03	
   -1.219202E-02	   -6.506562E-03	
   -1.033703E-02	   -6.906268E-03	
   -8.596703E-03	   -7.219290E-03	
   -6.993579E-03	   -7.455483E-03	
   -5.538543E-03	   -7.627145E-03	
   -4.233352E-03	   -7.746885E-03	
   -3.073311E-03	   -7.826312E-03	
   -2.049607E-03	   -7.875396E-03	
   -1.151141E-03	   -7.902293E-03	
   -3.658651E-04	   -7.913431E-03	
    3.658651E-04	   -7.913431E-03	
    1.151141E-03	   -7.902293E-03	
    2.049607E-03	   -7.875396E-03	
    3.073311E-03	   -7.826312E-03	
    4.233352E-03	   -7.746885E-03	
    5.538543E-03	   -7.627145E-03	
    6.993579E-03	   -7.455483E-03	
    8.596703E-03	   -7.219290E-03	
    1.033703E-02	   -6.906268E-03	
    1.219202E-02	   -6.506562E-03	
    1.412575E-02	   -6.015635E-03	
    1.608909E-02	   -5.437416E-03	
    1.802265E-02	   -4.786734E-03	
    1.986268E-02	   -4.089761E-03	
    2.154931E-02	   -3.381470E-03	
    2.303505E-02	   -2.700141E-03	
    2.429120E-02	   -2.080384E-03	
    2.531023E-02	   -1.547030E-03	
    2.610400E-02	   -1.111944E-03	
    2.669863E-02	   -7.744361E-04	
    2.712799E-02	   -5.244256E-04	
    2.742773E-02	   -3.467093E-04	
    2.763074E-02	   -2.248305E-04	
    2.776472E-02	   -1.437301E-04	
    2.785125E-02	   -9.106310E-05	
    2.788189E-02	   -7.236183E-05	
   -2.789091E-02	   -8.540095E-05	
   -2.786260E-02	   -1.074811E-04	
   -2.778258E-02	   -1.696835E-04	
   -2.765856E-02	   -2.655246E-04	
   -2.747032E-02	   -4.096869E-04	
   -2.719177E-02	   -6.201780E-04	
   -2.679143E-02	   -9.168644E-04	
   -2.623448E-02	   -1.318441E-03	
   -2.548658E-02	   -1.837921E-03	
   -2.451934E-02	   -2.477514E-03	
   -2.331664E-02	   -3.224600E-03	
   -2.188022E-02	   -4.050760E-03	
   -2.023277E-02	   -4.915052E-03	
   -1.841694E-02	   -5.770995E-03	
   -1.649012E-02	   -6.575026E-03	
   -1.451631E-02	   -7.293551E-03	
   -1.255746E-02	   -7.906607E-03	
   -1.066651E-02	   -8.407801E-03	
   -8.883542E-03	   -8.801594E-03	
   -7.234826E-03	   -9.099489E-03	
   -5.734152E-03	   -9.316404E-03	
   -4.385296E-03	   -9.467913E-03	
   -3.184791E-03	   -9.568506E-03	
   -2.124436E-03	   -9.630708E-03	
   -1.193317E-03	   -9.664805E-03	
   -3.792895E-04	   -9.678927E-03	
    3.792895E-04	   -9.678927E-03	
    1.193317E-03	   -9.664805E-03	
    2.124436E-03	   -9.630708E-03	
    3.184791E-03	   -9.568506E-03	
    4.385296E-03	   -9.467913E-03	
    5.734152E-03	   -9.316404E-03	
    7.234826E-03	   -9.099489E-03	
    8.883542E-03	   -8.801594E-03	
    1.066651E-02	   -8.407801E-03	
    1.255746E-02	   -7.906607E-03	
    1.451631E-02	   -7.293551E-03	
    1.649012E-02	   -6.575026E-03	
    1.841694E-02	   -5.770995E-03	
    2.023277E-02	   -4.915052E-03	
    2.188022E-02	   -4.050760E-03	
    2.331664E-02	   -3.224600E-03	
    2.451934E-02	   -2.477514E-03	
    2.548658E-02	   -1.837921E-03	
    2.623448E-02	   -1.318441E-03	
    2.679143E-02	   -9.168644E-04	
    2.719177E-02	   -6.201780E-04	
    2.747032E-02	   -4.096869E-04	
    2.765856E-02	   -2.655246E-04	
    2.778258E-02	   -1.696835E-04	
    2.786260E-02	   -1.074811E-04	
    2.789091E-02	   -8.540095E-05	
   -2.790185E-02	   -9.781011E-05	
   -2.787635E-02	   -1.231110E-04	
   -2.780423E-02	   -1.944145E-04	
   -2.769230E-02	   -3.043582E-04	
   -2.752206E-02	   -4.699159E-04	
   -2.726937E-02	   -7.120408E-04	
   -2.690462E-02	   -1.054112E-03	
   -2.639416E-02	   -1.518613E-03	
   -2.570335E-02	   -2.122051E-03	
   -2.480129E-02	   -2.869012E-03	
   -2.366683E-02	   -3.747146E-03	
   -2.229462E-02	   -4.725369E-03	
   -2.069962E-02	   -5.756862E-03	
   -1.891791E-02	   -6.786675E-03	
   -1.700311E-02	   -7.761629E-03	
   -1.501896E-02	   -8.639197E-03	
   -1.303020E-02	   -9.392698E-03	
   -1.109454E-02	   -1.001199E-02	
   -9.257425E-03	   -1.050065E-02	
   -7.550075E-03	   -1.087154E-02	
   -5.990232E-03	   -1.114227E-02	
   -4.584468E-03	   -1.133170E-02	
   -3.331046E-03	   -1.145762E-02	
   -2.222660E-03	   -1.153555E-02	
   -1.248695E-03	   -1.157829E-02	
   -3.969179E-04	   -1.159599E-02	
    3.969179E-04	   -1.159599E-02	
    1.248695E-03	   -1.157829E-02	
    2.222660E-03	   -1.153555E-02	
    3.331046E-03	   -1.145762E-02	
    4.584468E-03	   -1.133170E-02	
    5.990232E-03	   -1.114227E-02	
    7.550075E-03	   -1.087154E-02	
    9.257425E-03	   -1.050065E-02	
    1.109454E-02	   -1.001199E-02	
    1.303020E-02	   -9.392698E-03	
    1.501896E-02	   -8.639197E-03	
    1.700311E-02	   -7.761629E-03	
    1.891791E-02	   -6.786675E-03	
    2.069962E-02	   -5.756862E-03	
    2.229462E-02	   -4.725369E-03	
    2.366683E-02	   -3.747146E-03	
    2.480129E-02	   -2.869012E-03	
    2.570335E-02	   -2.122051E-03	
    2.639416E-02	   -1.518613E-03	
    2.690462E-02	   -1.054112E-03	
    2.726937E-02	   -7.120408E-04	
    2.752206E-02	   -4.699159E-04	
    2.769230E-02	   -3.043582E-04	
    2.780423E-02	   -1.944145E-04	
    2.787635E-02	   -1.231110E-04	
    2.790185E-02	   -9.781011E-05	
   -2.791418E-02	   -1.088350E-04	
   -2.789186E-02	   -1.370035E-04	
   -2.782867E-02	   -2.164229E-04	
   -2.773044E-02	   -3.389812E-04	
   -2.758063E-02	   -5.237647E-04	
   -2.735740E-02	   -7.945064E-04	
   -2.703339E-02	   -1.178022E-03	
   -2.657653E-02	   -1.700711E-03	
   -2.595221E-02	   -2.383051E-03	
   -2.512705E-02	   -3.232902E-03	
   -2.407447E-02	   -4.239458E-03	
   -2.278107E-02	   -5.370351E-03	
   -2.125249E-02	   -6.573947E-03	
   -1.951644E-02	   -7.787129E-03	
   -1.762115E-02	   -8.946467E-03	
   -1.562911E-02	   -9.999093E-03	
   -1.360777E-02	   -1.090986E-02	
   -1.162027E-02	   -1.166326E-02	
   -9.718579E-03	   -1.226088E-02	
   -7.940148E-03	   -1.271631E-02	
   -6.307832E-03	   -1.304977E-02	
   -4.831890E-03	   -1.328361E-02	
   -3.512928E-03	   -1.343929E-02	
   -2.344893E-03	   -1.353572E-02	
   -1.317634E-03	   -1.358863E-02	
   -4.188667E-04	   -1.361056E-02	
    4.188667E-04	   -1.361056E-02	
    1.317634E-03	   -1.358863E-02	
    2.344893E-03	   -1.353572E-02	
    3.512928E-03	   -1.343929E-02	
    4.831890E-03	   -1.328361E-02	
    6.307832E-03	   -1.304977E-02	
    7.940148E-03	   -1.271631E-02	
    9.718579E-03	   -1.226088E-02	
    1.162027E-02	   -1.166326E-02	
    1.360777E-02	   -1.090986E-02	
    1.562911E-02	   -9.999093E-03	
    1.762115E-02	   -8.946467E-03	
    1.951644E-02	   -7.787129E-03	
    2.125249E-02	   -6.573947E-03	
    2.278107E-02	   -5.370351E-03	
    2.407447E-02	   -4.239458E-03	
    2.512705E-02	   -3.232902E-03	
    2.595221E-02	   -2.383051E-03	
    2.657653E-02	   -1.700711E-03	
    2.703339E-02	   -1.178022E-03	
    2.735740E-02	   -7.945064E-04	
    2.758063E-02	   -5.237647E-04	
    2.773044E-02	   -3.389812E-04	
    2.782867E-02	   -2.164229E-04	
    2.789186E-02	   -1.370035E-04	
    2.791418E-02	   -1.088350E-04	
   -2.792718E-02	   -1.179624E-04	
   -2.790821E-02	   -1.485111E-04	
   -2.785444E-02	   -2.346811E-04	
   -2.777068E-02	   -3.677717E-04	
   -2.764252E-02	   -5.686991E-04	
   -2.745063E-02	   -8.636699E-04	
   -2.717021E-02	   -1.282682E-03	
   -2.677116E-02	   -1.855976E-03	
   -2.621930E-02	   -2.608273E-03	
   -2.547917E-02	   -3.551478E-03	
   -2.451881E-02	   -4.677630E-03	
   -2.331633E-02	   -5.954724E-03	
   -2.186698E-02	   -7.327878E-03	
   -2.018846E-02	   -8.726758E-03	
   -1.832184E-02	   -1.007765E-02	
   -1.632697E-02	   -1.131631E-02	
   -1.427343E-02	   -1.239748E-02	
   -1.223002E-02	   -1.329854E-02	
   -1.025612E-02	   -1.401763E-02	
   -8.396570E-03	   -1.456825E-02	
   -6.680494E-03	   -1.497285E-02	
   -5.122778E-03	   -1.525729E-02	
   -3.727041E-03	   -1.544700E-02	
   -2.488903E-03	   -1.556464E-02	
   -1.398891E-03	   -1.562924E-02	
   -4.447421E-04	   -1.565602E-02	
    4.447421E-04	   -1.565602E-02	
    1.398891E-03	   -1.562924E-02	
    2.488903E-03	   -1.556464E-02	
    3.727041E-03	   -1.544700E-02	
    5.122778E-03	   -1.525729E-02	
    6.680494E-03	   -1.497285E-02	
    8.396570E-03	   -1.456825E-02	
    1.025612E-02	   -1.401763E-02	
    1.223002E-02	   -1.329854E-02	
    1.427343E-02	   -1.239748E-02	
    1.632697E-02	   -1.131631E-02	
    1.832184E-02	   -1.007765E-02	
    2.018846E-02	   -8.726758E-03	
    2.186698E-02	   -7.327878E-03	
    2.331633E-02	   -5.954724E-03	
    2.451881E-02	   -4.677630E-03	
    2.547917E-02	   -3.551478E-03	
    2.621930E-02	   -2.608273E-03	
    2.677116E-02	   -1.855976E-03	
    2.717021E-02	   -1.282682E-03	
    2.745063E-02	   -8.636699E-04	
    2.764252E-02	   -5.686991E-04	
    2.777068E-02	   -3.677717E-04	
    2.785444E-02	   -2.346811E-04	
    2.790821E-02	   -1.485111E-04	
    2.792718E-02	   -1.179624E-04	
   -2.794001E-02	   -1.250121E-04	
   -2.792435E-02	   -1.574052E-04	
   -2.787991E-02	   -2.488193E-04	
   -2.781049E-02	   -3.901301E-04	
   -2.770385E-02	   -6.037457E-04	
   -2.754323E-02	   -9.179508E-04	
   -2.730656E-02	   -1.365532E-03	
   -2.696599E-02	   -1.980297E-03	
   -2.648825E-02	   -2.791221E-03	
   -2.583637E-02	   -3.814735E-03	
   -2.497357E-02	   -5.046799E-03	
   -2.386966E-02	   -6.457382E-03	
   -2.250909E-02	   -7.990173E-03	
   -2.089842E-02	   -9.569126E-03	
   -1.906997E-02	   -1.111090E-02	
   -1.707937E-02	   -1.253950E-02	
   -1.499722E-02	   -1.379828E-02	
   -1.289773E-02	   -1.485590E-02	
   -1.084808E-02	   -1.570557E-02	
   -8.901389E-03	   -1.635958E-02	
   -7.093984E-03	   -1.684205E-02	
   -5.446256E-03	   -1.718221E-02	
   -3.965500E-03	   -1.740952E-02	
   -2.649435E-03	   -1.755066E-02	
   -1.489518E-03	   -1.762822E-02	
   -4.736069E-04	   -1.766038E-02	
    4.736069E-04	   -1.766038E-02	
    1.489518E-03	   -1.762822E-02	
    2.649435E-03	   -1.755066E-02	
    3.965500E-03	   -1.740952E-02	
    5.446256E-03	   -1.718221E-02	
    7.093984E-03	   -1.684205E-02	
    8.901389E-03	   -1.635958E-02	
    1.084808E-02	   -1.570557E-02	
    1.289773E-02	   -1.485590E-02	
    1.499722E-02	   -1.379828E-02	
    1.707937E-02	   -1.253950E-02	
    1.906997E-02	   -1.111090E-02	
    2.089842E-02	   -9.569126E-03	
    2.250909E-02	   -7.990173E-03	
    2.386966E-02	   -6.457382E-03	
    2.497357E-02	   -5.046799E-03	
    2.583637E-02	   -3.814735E-03	
    2.648825E-02	   -2.791221E-03	
    2.696599E-02	   -1.980297E-03	
    2.730656E-02	   -1.365532E-03	
    2.754323E-02	   -9.179508E-04	
    2.770385E-02	   -6.037457E-04	
    2.781049E-02	   -3.901301E-04	
    2.787991E-02	   -2.488193E-04	
    2.792435E-02	   -1.574052E-04	
    2.794001E-02	   -1.250121E-04	
   -2.795197E-02	   -1.301105E-04	
   -2.793941E-02	   -1.638429E-04	
   -2.790369E-02	   -2.590768E-04	
   -2.784769E-02	   -4.064100E-04	
   -2.776124E-02	   -6.294007E-04	
   -2.763008E-02	   -9.579900E-04	
   -2.743484E-02	   -1.427288E-03	
   -2.715010E-02	   -2.074244E-03	
   -2.674386E-02	   -2.931835E-03	
   -2.617832E-02	   -4.021138E-03	
   -2.541273E-02	   -5.342704E-03	
   -2.440938E-02	   -6.869759E-03	
   -2.314226E-02	   -8.546306E-03	
   -2.160639E-02	   -1.029237E-02	
   -1.982421E-02	   -1.201626E-02	
   -1.784562E-02	   -1.363058E-02	
   -1.574095E-02	   -1.506674E-02	
   -1.358900E-02	   -1.628349E-02	
   -1.146464E-02	   -1.726775E-02	
   -9.429624E-03	   -1.802948E-02	
   -7.528137E-03	   -1.859373E-02	
   -5.786721E-03	   -1.899275E-02	
   -4.216884E-03	   -1.925994E-02	
   -2.818840E-03	   -1.942606E-02	
   -1.585205E-03	   -1.951743E-02	
   -5.040908E-04	   -1.955533E-02	
    5.040908E-04	   -1.955533E-02	
    1.585205E-03	   -1.951743E-02	
    2.818840E-03	   -1.942606E-02	
    4.216884E-03	   -1.925994E-02	
    5.786721E-03	   -1.899275E-02	
    7.528137E-03	   -1.859373E-02	
    9.429624E-03	   -1.802948E-02	
    1.146464E-02	   -1.726775E-02	
    1.358900E-02	   -1.628349E-02	
    1.574095E-02	   -1.506674E-02	
    1.784562E-02	   -1.363058E-02	
    1.982421E-02	   -1.201626E-02	
    2.160639E-02	   -1.029237E-02	
    2.314226E-02	   -8.546306E-03	
    2.440938E-02	   -6.869759E-03	
    2.541273E-02	   -5.342704E-03	
    2.617832E-02	   -4.021138E-03	
    2.674386E-02	   -2.931835E-03	
    2.715010E-02	   -2.074244E-03	
    2.743484E-02	   -1.427288E-03	
    2.763008E-02	   -9.579900E-04	
    2.776124E-02	   -6.294007E-04	
    2.784769E-02	   -4.064100E-04	
    2.790369E-02	   -2.590768E-04	
    2.793941E-02	   -1.638429E-04	
    2.795197E-02	   -1.301105E-04	
   -2.796260E-02	   -1.335808E-04	
   -2.795279E-02	   -1.682295E-04	
   -2.792482E-02	   -2.660872E-04	
   -2.788079E-02	   -4.175869E-04	
   -2.781237E-02	   -6.471321E-04	
   -2.770761E-02	   -9.859264E-04	
   -2.754969E-02	   -1.470932E-03	
   -2.731558E-02	   -2.141734E-03	
   -2.697485E-02	   -3.034877E-03	
   -2.648943E-02	   -4.175865E-03	
   -2.581557E-02	   -5.570038E-03	
   -2.490918E-02	   -7.194668E-03	
   -2.373472E-02	   -8.995459E-03	
   -2.227604E-02	   -1.089025E-02	
   -2.054527E-02	   -1.278062E-02	
   -1.858554E-02	   -1.456882E-02	
   -1.646553E-02	   -1.617450E-02	
   -1.426756E-02	   -1.754593E-02	
   -1.207357E-02	   -1.866283E-02	
   -9.953784E-03	   -1.953186E-02	
   -7.960449E-03	   -2.017824E-02	
   -6.126580E-03	   -2.063669E-02	
   -4.468237E-03	   -2.094431E-02	
   -2.988396E-03	   -2.113583E-02	
   -1.681033E-03	   -2.124124E-02	
   -5.346265E-04	   -2.128499E-02	
    5.346265E-04	   -2.128499E-02	
    1.681033E-03	   -2.124124E-02	
    2.988396E-03	   -2.113583E-02	
    4.468237E-03	   -2.094431E-02	
    6.126580E-03	   -2.063669E-02	
    7.960449E-03	   -2.017824E-02	
    9.953784E-03	   -1.953186E-02	
    1.207357E-02	   -1.866283E-02	
    1.426756E-02	   -1.754593E-02	
    1.646553E-02	   -1.617450E-02	
    1.858554E-02	   -1.456882E-02	
    2.054527E-02	   -1.278062E-02	
    2.227604E-02	   -1.089025E-02	
    2.373472E-02	   -8.995459E-03	
    2.490918E-02	   -7.194668E-03	
    2.581557E-02	   -5.570038E-03	
    2.648943E-02	   -4.175865E-03	
    2.697485E-02	   -3.034877E-03	
    2.731558E-02	   -2.141734E-03	
    2.754969E-02	   -1.470932E-03	
    2.770761E-02	   -9.859264E-04	
    2.781237E-02	   -6.471321E-04	
    2.788079E-02	   -4.175869E-04	
    2.792482E-02	   -2.660872E-04	
    2.795279E-02	   -1.682295E-04	
    2.796260E-02	   -1.335808E-04	
   -2.797166E-02	   -1.358159E-04	
   -2.796420E-02	   -1.710587E-04	
   -2.794286E-02	   -2.706264E-04	
   -2.790906E-02	   -4.248669E-04	
   -2.785610E-02	   -6.587810E-04	
   -2.777404E-02	   -1.004501E-03	
   -2.764835E-02	   -1.500413E-03	
   -2.745825E-02	   -2.188234E-03	
   -2.717493E-02	   -3.107537E-03	
   -2.676054E-02	   -4.287800E-03	
   -2.616920E-02	   -5.738953E-03	
   -2.535168E-02	   -7.442587E-03	
   -2.426425E-02	   -9.346992E-03	
   -2.288055E-02	   -1.136926E-02	
   -2.120269E-02	   -1.340593E-02	
   -1.926650E-02	   -1.535034E-02	
   -1.713803E-02	   -1.711125E-02	
   -1.490189E-02	   -1.862662E-02	
   -1.264615E-02	   -1.986853E-02	
   -1.044891E-02	   -2.083973E-02	
   -8.370198E-03	   -2.156489E-02	
   -6.449477E-03	   -2.208067E-02	
   -4.707430E-03	   -2.242743E-02	
   -3.149913E-03	   -2.264360E-02	
   -1.772367E-03	   -2.276267E-02	
   -5.637369E-04	   -2.281210E-02	
    5.637369E-04	   -2.281210E-02	
    1.772367E-03	   -2.276267E-02	
    3.149913E-03	   -2.264360E-02	
    4.707430E-03	   -2.242743E-02	
    6.449477E-03	   -2.208067E-02	
    8.370198E-03	   -2.156489E-02	
    1.044891E-02	   -2.083973E-02	
    1.264615E-02	   -1.986853E-02	
    1.490189E-02	   -1.862662E-02	
    1.713803E-02	   -1.711125E-02	
    1.926650E-02	   -1.535034E-02	
    2.120269E-02	   -1.340593E-02	
    2.288055E-02	   -1.136926E-02	
    2.426425E-02	   -9.346992E-03	
    2.535168E-02	   -7.442587E-03	
    2.616920E-02	   -5.738953E-03	
    2.676054E-02	   -4.287800E-03	
    2.717493E-02	   -3.107537E-03	
    2.745825E-02	   -2.188234E-03	
    2.764835E-02	   -1.500413E-03	
    2.777404E-02	   -1.004501E-03	
    2.785610E-02	   -6.587810E-04	
    2.790906E-02	   -4.248669E-04	
    2.794286E-02	   -2.706264E-04	
    2.796420E-02	   -1.710587E-04	
    2.797166E-02	   -1.358159E-04	
   -2.797915E-02	   -1.371838E-04	
   -2.797363E-02	   -1.727936E-04	
   -2.795777E-02	   -2.734248E-04	
   -2.793245E-02	   -4.293908E-04	
   -2.789231E-02	   -6.661029E-04	
   -2.782913E-02	   -1.016359E-03	
   -2.773034E-02	   -1.519613E-03	
   -2.757717E-02	   -2.219252E-03	
   -2.734237E-02	   -3.157330E-03	
   -2.698857E-02	   -4.366724E-03	
   -2.646854E-02	   -5.861493E-03	
   -2.572903E-02	   -7.627402E-03	
   -2.471956E-02	   -9.615720E-03	
   -2.340491E-02	   -1.174380E-02	
   -2.177801E-02	   -1.390465E-02	
   -1.986748E-02	   -1.598431E-02	
   -1.773608E-02	   -1.788193E-02	
   -1.546971E-02	   -1.952589E-02	
   -1.316145E-02	   -2.088081E-02	
   -1.089638E-02	   -2.194521E-02	
   -8.741679E-03	   -2.274272E-02	
   -6.742871E-03	   -2.331142E-02	
   -4.925095E-03	   -2.369443E-02	
   -3.297030E-03	   -2.393348E-02	
   -1.855601E-03	   -2.406524E-02	
   -5.902715E-04	   -2.411996E-02	
    5.902715E-04	   -2.411996E-02	
    1.855601E-03	   -2.406524E-02	
    3.297030E-03	   -2.393348E-02	
    4.925095E-03	   -2.369443E-02	
    6.742871E-03	   -2.331142E-02	
    8.741679E-03	   -2.274272E-02	
    1.089638E-02	   -2.194521E-02	
    1.316145E-02	   -2.088081E-02	
    1.546971E-02	   -1.952589E-02	
    1.773608E-02	   -1.788193E-02	
    1.986748E-02	   -1.598431E-02	
    2.177801E-02	   -1.390465E-02	
    2.340491E-02	   -1.174380E-02	
    2.471956E-02	   -9.615720E-03	
    2.572903E-02	   -7.627402E-03	
    2.646854E-02	   -5.861493E-03	
    2.698857E-02	   -4.366724E-03	
    2.734237E-02	   -3.157330E-03	
    2.757717E-02	   -2.219252E-03	
    2.773034E-02	   -1.519613E-03	
    2.782913E-02	   -1.016359E-03	
    2.789231E-02	   -6.661029E-04	
    2.793245E-02	   -4.293908E-04	
    2.795777E-02	   -2.734248E-04	
    2.797363E-02	   -1.727936E-04	
    2.797915E-02	   -1.371838E-04	
   -2.798519E-02	   -1.379808E-04	
   -2.798123E-02	   -1.738071E-04	
   -2.796978E-02	   -2.750721E-04	
   -2.795131E-02	   -4.320836E-04	
   -2.792154E-02	   -6.705299E-04	
   -2.787364E-02	   -1.023677E-03	
   -2.779672E-02	   -1.531769E-03	
   -2.767367E-02	   -2.239472E-03	
   -2.747870E-02	   -3.190818E-03	
   -2.717504E-02	   -4.421483E-03	
   -2.671459E-02	   -5.949066E-03	
   -2.604114E-02	   -7.763101E-03	
   -2.509879E-02	   -9.817839E-03	
   -2.384494E-02	   -1.203150E-02	
   -2.226447E-02	   -1.429474E-02	
   -2.037934E-02	   -1.648782E-02	
   -1.824885E-02	   -1.850182E-02	
   -1.595938E-02	   -2.025660E-02	
   -1.360794E-02	   -2.170991E-02	
   -1.128555E-02	   -2.285610E-02	
   -9.065656E-03	   -2.371749E-02	
   -6.999257E-03	   -2.433311E-02	
   -5.115559E-03	   -2.474838E-02	
   -3.425870E-03	   -2.500782E-02	
   -1.928528E-03	   -2.515090E-02	
   -6.135246E-04	   -2.521035E-02	
    6.135246E-04	   -2.521035E-02	
    1.928528E-03	   -2.515090E-02	
    3.425870E-03	   -2.500782E-02	
    5.115559E-03	   -2.474838E-02	
    6.999257E-03	   -2.433311E-02	
    9.065656E-03	   -2.371749E-02	
    1.128555E-02	   -2.285610E-02	
    1.360794E-02	   -2.170991E-02	
    1.595938E-02	   -2.025660E-02	
    1.824885E-02	   -1.850182E-02	
    2.037934E-02	   -1.648782E-02	
    2.226447E-02	   -1.429474E-02	
    2.384494E-02	   -1.203150E-02	
    2.509879E-02	   -9.817839E-03	
    2.604114E-02	   -7.763101E-03	
    2.671459E-02	   -5.949066E-03	
    2.717504E-02	   -4.421483E-03	
    2.747870E-02	   -3.190818E-03	
    2.767367E-02	   -2.239472E-03	
    2.779672E-02	   -1.531769E-03	
    2.787364E-02	   -1.023677E-03	
    2.792154E-02	   -6.705299E-04	
    2.795131E-02	   -4.320836E-04	
    2.796978E-02	   -2.750721E-04	
    2.798123E-02	   -1.738071E-04	
    2.798519E-02	   -1.379808E-04	
   -2.798995E-02	   -1.384215E-04	
   -2.798723E-02	   -1.743699E-04	
   -2.797928E-02	   -2.759973E-04	
   -2.796622E-02	   -4.336211E-04	
   -2.794467E-02	   -6.731140E-04	
   -2.790891E-02	   -1.028071E-03	
   -2.784938E-02	   -1.539310E-03	
   -2.775039E-02	   -2.252469E-03	
   -2.758736E-02	   -3.213119E-03	
   -2.732417E-02	   -4.459187E-03	
   -2.691222E-02	   -6.011194E-03	
   -2.629310E-02	   -7.861908E-03	
   -2.540670E-02	   -9.968326E-03	
   -2.420442E-02	   -1.224980E-02	
   -2.266439E-02	   -1.459550E-02	
   -2.080274E-02	   -1.688124E-02	
   -1.867537E-02	   -1.899149E-02	
   -1.636868E-02	   -2.083891E-02	
   -1.398266E-02	   -2.237517E-02	
   -1.161320E-02	   -2.359077E-02	
   -9.339076E-03	   -2.450667E-02	
   -7.216003E-03	   -2.516248E-02	
   -5.276762E-03	   -2.560543E-02	
   -3.534994E-03	   -2.588240E-02	
   -1.990320E-03	   -2.603523E-02	
   -6.332306E-04	   -2.609875E-02	
    6.332306E-04	   -2.609875E-02	
    1.990320E-03	   -2.603523E-02	
    3.534994E-03	   -2.588240E-02	
    5.276762E-03	   -2.560543E-02	
    7.216003E-03	   -2.516248E-02	
    9.339076E-03	   -2.450667E-02	
    1.161320E-02	   -2.359077E-02	
    1.398266E-02	   -2.237517E-02	
    1.636868E-02	   -2.083891E-02	
    1.867537E-02	   -1.899149E-02	
    2.080274E-02	   -1.688124E-02	
    2.266439E-02	   -1.459550E-02	
    2.420442E-02	   -1.224980E-02	
    2.540670E-02	   -9.968326E-03	
    2.629310E-02	   -7.861908E-03	
    2.691222E-02	   -6.011194E-03	
    2.732417E-02	   -4.459187E-03	
    2.758736E-02	   -3.213119E-03	
    2.775039E-02	   -2.252469E-03	
    2.784938E-02	   -1.539310E-03	
    2.790891E-02	   -1.028071E-03	
    2.794467E-02	   -6.731140E-04	
    2.796622E-02	   -4.336211E-04	
    2.797928E-02	   -2.759973E-04	
    2.798723E-02	   -1.743699E-04	
    2.798995E-02	   -1.384215E-04	
   -2.799367E-02	   -1.386502E-04	
   -2.799191E-02	   -1.746641E-04	
   -2.798669E-02	   -2.764899E-04	
   -2.797785E-02	   -4.344606E-04	
   -2.796270E-02	   -6.745720E-04	
   -2.793643E-02	   -1.030649E-03	
   -2.789051E-02	   -1.543926E-03	
   -2.781041E-02	   -2.260772E-03	
   -2.767256E-02	   -3.227941E-03	
   -2.744143E-02	   -4.485128E-03	
   -2.706813E-02	   -6.055207E-03	
   -2.649268E-02	   -7.933623E-03	
   -2.565172E-02	   -1.007975E-02	
   -2.449190E-02	   -1.241414E-02	
   -2.298586E-02	   -1.482502E-02	
   -2.114477E-02	   -1.718488E-02	
   -1.902152E-02	   -1.937290E-02	
   -1.670219E-02	   -2.129582E-02	
   -1.428902E-02	   -2.290016E-02	
   -1.188179E-02	   -2.417305E-02	
   -9.563656E-03	   -2.513413E-02	
   -7.394287E-03	   -2.582334E-02	
   -5.409486E-03	   -2.628936E-02	
   -3.624895E-03	   -2.658096E-02	
   -2.041244E-03	   -2.674194E-02	
   -6.494727E-04	   -2.680885E-02	
    6.494727E-04	   -2.680885E-02	
    2.041244E-03	   -2.674194E-02	
    3.624895E-03	   -2.658096E-02	
    5.409486E-03	   -2.628936E-02	
    7.394287E-03	   -2.582334E-02	
    9.563656E-03	   -2.513413E-02	
    1.188179E-02	   -2.417305E-02	
    1.428902E-02	   -2.290016E-02	
    1.670219E-02	   -2.129582E-02	
    1.902152E-02	   -1.937290E-02	
    2.114477E-02	   -1.718488E-02	
    2.298586E-02	   -1.482502E-02	
    2.449190E-02	   -1.241414E-02	
    2.565172E-02	   -1.007975E-02	
    2.649268E-02	   -7.933623E-03	
    2.706813E-02	   -6.055207E-03	
    2.744143E-02	   -4.485128E-03	
    2.767256E-02	   -3.227941E-03	
    2.781041E-02	   -2.260772E-03	
    2.789051E-02	   -1.543926E-03	
    2.793643E-02	   -1.030649E-03	
    2.796270E-02	   -6.745720E-04	
    2.797785E-02	   -4.344606E-04	
    2.798669E-02	   -2.764899E-04	
    2.799191E-02	   -1.746641E-04	
    2.799367E-02	   -1.386502E-04	
   -2.799653E-02	   -1.387585E-04	
   -2.799551E-02	   -1.748051E-04	
   -2.799239E-02	   -2.767338E-04	
   -2.798681E-02	   -4.348946E-04	
   -2.797661E-02	   -6.753653E-04	
   -2.795766E-02	   -1.032132E-03	
   -2.792228E-02	   -1.546733E-03	
   -2.785682E-02	   -2.266080E-03	
   -2.773854E-02	   -3.237832E-03	
   -2.753242E-02	   -4.503053E-03	
   -2.718945E-02	   -6.086472E-03	
   -2.664847E-02	   -7.985689E-03	
   -2.584367E-02	   -1.016207E-02	
   -2.471801E-02	   -1.253724E-02	
   -2.323974E-02	   -1.499892E-02	
   -2.141596E-02	   -1.741709E-02	
   -1.929699E-02	   -1.966679E-02	
   -1.696846E-02	   -2.165000E-02	
   -1.453428E-02	   -2.330902E-02	
   -1.209727E-02	   -2.462814E-02	
   -9.744123E-03	   -2.562579E-02	
   -7.537718E-03	   -2.634211E-02	
   -5.516348E-03	   -2.682688E-02	
   -3.697313E-03	   -2.713039E-02	
   -2.082276E-03	   -2.729800E-02	
   -6.625614E-04	   -2.736767E-02	
    6.625614E-04	   -2.736767E-02	
    2.082276E-03	   -2.729800E-02	
    3.697313E-03	   -2.713039E-02	
    5.516348E-03	   -2.682688E-02	
    7.537718E-03	   -2.634211E-02	
    9.744123E-03	   -2.562579E-02	
    1.209727E-02	   -2.462814E-02	
    1.453428E-02	   -2.330902E-02	
    1.696846E-02	   -2.165000E-02	
    1.929699E-02	   -1.966679E-02	
    2.141596E-02	   -1.741709E-02	
    2.323974E-02	   -1.499892E-02	
    2.471801E-02	   -1.253724E-02	
    2.584367E-02	   -1.016207E-02	
    2.664847E-02	   -7.985689E-03	
    2.718945E-02	   -6.086472E-03	
    2.753242E-02	   -4.503053E-03	
    2.773854E-02	   -3.237832E-03	
    2.785682E-02	   -2.266080E-03	
    2.792228E-02	   -1.546733E-03	
    2.795766E-02	   -1.032132E-03	
    2.797661E-02	   -6.753653E-04	
    2.798681E-02	   -4.348946E-04	
    2.799239E-02	   -2.767338E-04	
    2.799551E-02	   -1.748051E-04	
    2.799653E-02	   -1.387585E-04	
   -2.799871E-02	   -1.388014E-04	
   -2.799826E-02	   -1.748627E-04	
   -2.799675E-02	   -2.768409E-04	
   -2.799366E-02	   -4.351016E-04	
   -2.798724E-02	   -6.757783E-04	
   -2.797390E-02	   -1.032970E-03	
   -2.794660E-02	   -1.548438E-03	
   -2.789237E-02	   -2.269497E-03	
   -2.778915E-02	   -3.244490E-03	
   -2.760234E-02	   -4.515532E-03	
   -2.728286E-02	   -6.108795E-03	
   -2.676872E-02	   -8.023580E-03	
   -2.599226E-02	   -1.022286E-02	
   -2.489358E-02	   -1.262921E-02	
   -2.343749E-02	   -1.513005E-02	
   -2.162786E-02	   -1.759349E-02	
   -1.951287E-02	   -1.989140E-02	
   -1.717767E-02	   -2.192199E-02	
   -1.472739E-02	   -2.362417E-02	
   -1.226722E-02	   -2.497991E-02	
   -9.886643E-03	   -2.600661E-02	
   -7.651095E-03	   -2.674451E-02	
   -5.600871E-03	   -2.724423E-02	
   -3.754615E-03	   -2.755724E-02	
   -2.114750E-03	   -2.773014E-02	
   -6.729212E-04	   -2.780202E-02	
    6.729212E-04	   -2.780202E-02	
    2.114750E-03	   -2.773014E-02	
    3.754615E-03	   -2.755724E-02	
    5.600871E-03	   -2.724423E-02	
    7.651095E-03	   -2.674451E-02	
    9.886643E-03	   -2.600661E-02	
    1.226722E-02	   -2.497991E-02	
    1.472739E-02	   -2.362417E-02	
    1.717767E-02	   -2.192199E-02	
    1.951287E-02	   -1.989140E-02	
    2.162786E-02	   -1.759349E-02	
    2.343749E-02	   -1.513005E-02	
    2.489358E-02	   -1.262921E-02	
    2.599226E-02	   -1.022286E-02	
    2.676872E-02	   -8.023580E-03	
    2.728286E-02	   -6.108795E-03	
    2.760234E-02	   -4.515532E-03	
    2.778915E-02	   -3.244490E-03	
    2.789237E-02	   -2.269497E-03	
    2.794660E-02	   -1.548438E-03	
    2.797390E-02	   -1.032970E-03	
    2.798724E-02	   -6.757783E-04	
    2.799366E-02	   -4.351016E-04	
    2.799675E-02	   -2.768409E-04	
    2.799826E-02	   -1.748627E-04	
    2.799871E-02	   -1.388014E-04	
   -2.799966E-02	   -1.388093E-04	
   -2.799945E-02	   -1.748742E-04	
   -2.799863E-02	   -2.768660E-04	
   -2.799662E-02	   -4.351576E-04	
   -2.799184E-02	   -6.759049E-04	
   -2.798093E-02	   -1.033253E-03	
   -2.795712E-02	   -1.549057E-03	
   -2.790777E-02	   -2.270802E-03	
   -2.781108E-02	   -3.247125E-03	
   -2.763267E-02	   -4.520598E-03	
   -2.732343E-02	   -6.118019E-03	
   -2.682102E-02	   -8.039443E-03	
   -2.605700E-02	   -1.024856E-02	
   -2.497022E-02	   -1.266839E-02	
   -2.352399E-02	   -1.518624E-02	
   -2.172074E-02	   -1.766945E-02	
   -1.960766E-02	   -1.998849E-02	
   -1.726968E-02	   -2.203992E-02	
   -1.481243E-02	   -2.376114E-02	
   -1.234215E-02	   -2.513307E-02	
   -9.949529E-03	   -2.617264E-02	
   -7.701151E-03	   -2.692011E-02	
   -5.638203E-03	   -2.742646E-02	
   -3.779931E-03	   -2.774369E-02	
   -2.129099E-03	   -2.791894E-02	
   -6.774990E-04	   -2.799180E-02	
    6.774990E-04	   -2.799180E-02	
    2.129099E-03	   -2.791894E-02	
    3.779931E-03	   -2.774369E-02	
    5.638203E-03	   -2.742646E-02	
    7.701151E-03	   -2.692011E-02	
    9.949529E-03	   -2.617264E-02	
    1.234215E-02	   -2.513307E-02	
    1.481243E-02	   -2.376114E-02	
    1.726968E-02	   -2.203992E-02	
    1.960766E-02	   -1.998849E-02	
    2.172074E-02	   -1.766945E-02	
    2.352399E-02	   -1.518624E-02	
    2.497022E-02	   -1.266839E-02	
    2.605700E-02	   -1.024856E-02	
    2.682102E-02	   -8.039443E-03	
    2.732343E-02	   -6.118019E-03	
    2.763267E-02	   -4.520598E-03	
    2.781108E-02	   -3.247125E-03	
    2.790777E-02	   -2.270802E-03	
    2.795712E-02	   -1.549057E-03	
    2.798093E-02	   -1.033253E-03	
    2.799184E-02	   -6.759049E-04	
    2.799662E-02	   -4.351576E-04	
    2.799863E-02	   -2.768660E-04	
    2.799945E-02	   -1.748742E-04	
    2.799966E-02	   -1.388093E-04	
