Title="Fields"
Variables="X""Y""Velocity""Phi""Effective Viscosity""Dynamic Viscosity""Density""Eddy Viscosity""K""Epsilon""S"
Zone I=22 J=22 F=POINT
   -1.260421E-02	    6.205142E-05	    0.000000E+00	   -1.000000E+00	    1.200000E-02	    1.200000E-02	    8.750000E+02	    0.000000E+00	    0.000000E+00	    0.000000E+00	    0.000000E+00	
   -1.259820E-02	    1.099003E-04	    0.000000E+00	   -1.000000E+00	    1.200000E-02	    1.200000E-02	    8.750000E+02	    0.000000E+00	    0.000000E+00	    0.000000E+00	    0.000000E+00	
   -1.256792E-02	    3.319933E-04	    0.000000E+00	   -1.000000E+00	    1.200000E-02	    1.200000E-02	    8.750000E+02	    0.000000E+00	    0.000000E+00	    0.000000E+00	    0.000000E+00	
   -1.247153E-02	    9.032332E-04	    0.000000E+00	   -1.000000E+00	    1.200000E-02	    1.200000E-02	    8.750000E+02	    0.000000E+00	    0.000000E+00	    0.000000E+00	    0.000000E+00	
   -1.217830E-02	    2.107769E-03	    0.000000E+00	   -1.000000E+00	    1.200000E-02	    1.200000E-02	    8.750000E+02	    0.000000E+00	    0.000000E+00	    0.000000E+00	    0.000000E+00	
   -1.140277E-02	    4.096813E-03	    0.000000E+00	   -1.000000E+00	    1.200000E-02	    1.200000E-02	    8.750000E+02	    0.000000E+00	    0.000000E+00	    0.000000E+00	    0.000000E+00	
   -9.818145E-03	    6.560822E-03	    0.000000E+00	   -1.000000E+00	    1.200000E-02	    1.200000E-02	    8.750000E+02	    0.000000E+00	    0.000000E+00	    0.000000E+00	    0.000000E+00	
   -7.462540E-03	    8.781348E-03	    0.000000E+00	   -1.000000E+00	    1.200000E-02	    1.200000E-02	    8.750000E+02	    0.000000E+00	    0.000000E+00	    0.000000E+00	    0.000000E+00	
   -4.859535E-03	    1.023863E-02	    0.000000E+00	   -1.000000E+00	    1.200000E-02	    1.200000E-02	    8.750000E+02	    0.000000E+00	    0.000000E+00	    0.000000E+00	    0.000000E+00	
   -2.550558E-03	    1.094639E-02	    0.000000E+00	   -1.000000E+00	    1.200000E-02	    1.200000E-02	    8.750000E+02	    0.000000E+00	    0.000000E+00	    0.000000E+00	    0.000000E+00	
   -7.592265E-04	    1.118242E-02	    0.000000E+00	   -1.000000E+00	    1.200000E-02	    1.200000E-02	    8.750000E+02	    0.000000E+00	    0.000000E+00	    0.000000E+00	    0.000000E+00	
    7.592265E-04	    1.118242E-02	    0.000000E+00	   -1.000000E+00	    1.200000E-02	    1.200000E-02	    8.750000E+02	    0.000000E+00	    0.000000E+00	    0.000000E+00	    0.000000E+00	
    2.550558E-03	    1.094639E-02	    0.000000E+00	   -1.000000E+00	    1.200000E-02	    1.200000E-02	    8.750000E+02	    0.000000E+00	    0.000000E+00	    0.000000E+00	    0.000000E+00	
    4.859535E-03	    1.023863E-02	    0.000000E+00	   -1.000000E+00	    1.200000E-02	    1.200000E-02	    8.750000E+02	    0.000000E+00	    0.000000E+00	    0.000000E+00	    0.000000E+00	
    7.462540E-03	    8.781348E-03	    0.000000E+00	   -1.000000E+00	    1.200000E-02	    1.200000E-02	    8.750000E+02	    0.000000E+00	    0.000000E+00	    0.000000E+00	    0.000000E+00	
    9.818145E-03	    6.560822E-03	    0.000000E+00	   -1.000000E+00	    1.200000E-02	    1.200000E-02	    8.750000E+02	    0.000000E+00	    0.000000E+00	    0.000000E+00	    0.000000E+00	
    1.140277E-02	    4.096813E-03	    0.000000E+00	   -1.000000E+00	    1.200000E-02	    1.200000E-02	    8.750000E+02	    0.000000E+00	    0.000000E+00	    0.000000E+00	    0.000000E+00	
    1.217830E-02	    2.107769E-03	    0.000000E+00	   -1.000000E+00	    1.200000E-02	    1.200000E-02	    8.750000E+02	    0.000000E+00	    0.000000E+00	    0.000000E+00	    0.000000E+00	
    1.247153E-02	    9.032332E-04	    0.000000E+00	   -1.000000E+00	    1.200000E-02	    1.200000E-02	    8.750000E+02	    0.000000E+00	    0.000000E+00	    0.000000E+00	    0.000000E+00	
    1.256792E-02	    3.319933E-04	    0.000000E+00	   -1.000000E+00	    1.200000E-02	    1.200000E-02	    8.750000E+02	    0.000000E+00	    0.000000E+00	    0.000000E+00	    0.000000E+00	
    1.259820E-02	    1.099003E-04	    0.000000E+00	   -1.000000E+00	    1.200000E-02	    1.200000E-02	    8.750000E+02	    0.000000E+00	    0.000000E+00	    0.000000E+00	    0.000000E+00	
    1.260421E-02	    6.205142E-05	    0.000000E+00	   -1.000000E+00	    1.200000E-02	    1.200000E-02	    8.750000E+02	    0.000000E+00	    0.000000E+00	    0.000000E+00	    0.000000E+00	
   -1.260299E-02	    6.188929E-05	    0.000000E+00	   -1.000000E+00	    1.200000E-02	    1.200000E-02	    8.750000E+02	    0.000000E+00	    0.000000E+00	    0.000000E+00	    0.000000E+00	
   -1.259605E-02	    1.096049E-04	    3.425850E-04	   -1.000000E+00	    1.200502E-02	    1.200000E-02	    8.750000E+02	    3.343459E-05	    6.146770E-03	    8.899149E+01	    2.485417E+04	
   -1.256144E-02	    3.309870E-04	    1.373293E-03	   -1.000000E+00	    1.201074E-02	    1.200000E-02	    8.750000E+02	    7.157559E-05	    3.087973E-03	    1.049138E+01	    4.381576E+04	
   -1.245406E-02	    8.996977E-04	    3.494549E-03	   -1.000000E+00	    1.203369E-02	    1.200000E-02	    8.750000E+02	    2.245905E-04	    4.111213E-03	    5.926513E+00	    3.823775E+04	
   -1.213856E-02	    2.095603E-03	    7.374250E-03	   -1.000000E+00	    1.209041E-02	    1.200000E-02	    8.750000E+02	    6.027450E-04	    5.447774E-03	    3.877529E+00	    3.105196E+04	
   -1.133067E-02	    4.060663E-03	    1.317848E-02	   -1.000000E+00	    1.219129E-02	    1.200000E-02	    8.750000E+02	    1.275246E-03	    6.474834E-03	    2.588891E+00	    2.584118E+04	
   -9.719104E-03	    6.478294E-03	    1.987369E-02	   -1.000000E+00	    1.231990E-02	    1.200000E-02	    8.750000E+02	    2.132635E-03	    7.087579E-03	    1.854940E+00	    2.233384E+04	
   -7.362127E-03	    8.641385E-03	    2.560604E-02	   -1.000000E+00	    1.243657E-02	    1.200000E-02	    8.750000E+02	    2.910483E-03	    7.393828E-03	    1.479191E+00	    2.015323E+04	
   -4.783465E-03	    1.005300E-02	    2.924062E-02	   -1.000000E+00	    1.251313E-02	    1.200000E-02	    8.750000E+02	    3.420879E-03	    7.530466E-03	    1.305439E+00	    1.898493E+04	
   -2.507918E-03	    1.073630E-02	    3.096189E-02	   -1.000000E+00	    1.255016E-02	    1.200000E-02	    8.750000E+02	    3.667749E-03	    7.581545E-03	    1.234146E+00	    1.845885E+04	
   -7.462649E-04	    1.096385E-02	    3.151522E-02	   -1.000000E+00	    1.256236E-02	    1.200000E-02	    8.750000E+02	    3.749037E-03	    7.593186E-03	    1.211097E+00	    1.827242E+04	
    7.462649E-04	    1.096385E-02	    3.151524E-02	   -1.000000E+00	    1.256236E-02	    1.200000E-02	    8.750000E+02	    3.749038E-03	    7.593190E-03	    1.211098E+00	    1.827244E+04	
    2.507918E-03	    1.073630E-02	    3.096196E-02	   -1.000000E+00	    1.255016E-02	    1.200000E-02	    8.750000E+02	    3.667752E-03	    7.581558E-03	    1.234149E+00	    1.845893E+04	
    4.783465E-03	    1.005300E-02	    2.924075E-02	   -1.000000E+00	    1.251313E-02	    1.200000E-02	    8.750000E+02	    3.420885E-03	    7.530490E-03	    1.305445E+00	    1.898510E+04	
    7.362127E-03	    8.641385E-03	    2.560625E-02	   -1.000000E+00	    1.243657E-02	    1.200000E-02	    8.750000E+02	    2.910490E-03	    7.393864E-03	    1.479202E+00	    2.015357E+04	
    9.719104E-03	    6.478294E-03	    1.987397E-02	   -1.000000E+00	    1.231990E-02	    1.200000E-02	    8.750000E+02	    2.132641E-03	    7.087619E-03	    1.854956E+00	    2.233449E+04	
    1.133067E-02	    4.060663E-03	    1.317881E-02	   -1.000000E+00	    1.219129E-02	    1.200000E-02	    8.750000E+02	    1.275245E-03	    6.474822E-03	    2.588884E+00	    2.584253E+04	
    1.213856E-02	    2.095603E-03	    7.374593E-03	   -1.000000E+00	    1.209041E-02	    1.200000E-02	    8.750000E+02	    6.027269E-04	    5.447447E-03	    3.877180E+00	    3.105488E+04	
    1.245406E-02	    8.996977E-04	    3.495048E-03	   -1.000000E+00	    1.203368E-02	    1.200000E-02	    8.750000E+02	    2.245561E-04	    4.109956E-03	    5.923794E+00	    3.824870E+04	
    1.256144E-02	    3.309870E-04	    1.375124E-03	   -1.000000E+00	    1.201074E-02	    1.200000E-02	    8.750000E+02	    7.162446E-05	    3.092191E-03	    1.051288E+01	    4.393260E+04	
    1.259605E-02	    1.096049E-04	    3.469630E-04	   -1.000000E+00	    1.200505E-02	    1.200000E-02	    8.750000E+02	    3.363814E-05	    6.221841E-03	    9.062675E+01	    2.549291E+04	
    1.260299E-02	    6.188929E-05	    0.000000E+00	   -1.000000E+00	    1.200000E-02	    1.200000E-02	    8.750000E+02	    0.000000E+00	    0.000000E+00	    0.000000E+00	    0.000000E+00	
   -1.259947E-02	    6.127997E-05	    0.000000E+00	   -1.000000E+00	    1.200000E-02	    1.200000E-02	    8.750000E+02	    0.000000E+00	    0.000000E+00	    0.000000E+00	    0.000000E+00	
   -1.258981E-02	    1.085025E-04	    1.338633E-03	   -1.000000E+00	    1.211115E-02	    1.200000E-02	    8.750000E+02	    7.410127E-04	    6.121736E-03	    3.982668E+00	    2.516089E+04	
   -1.254267E-02	    3.273302E-04	    5.373757E-03	   -1.000000E+00	    1.201141E-02	    1.200000E-02	    8.750000E+02	    7.603723E-05	    2.679161E-03	    7.433990E+00	    4.382147E+04	
   -1.240360E-02	    8.874788E-04	    1.363288E-02	   -1.000000E+00	    1.203612E-02	    1.200000E-02	    8.750000E+02	    2.408006E-04	    3.182537E-03	    3.312377E+00	    3.803547E+04	
   -1.202462E-02	    2.056069E-03	    2.854114E-02	   -1.000000E+00	    1.212092E-02	    1.200000E-02	    8.750000E+02	    8.061071E-04	    4.131289E-03	    1.667359E+00	    3.024375E+04	
   -1.112638E-02	    3.949296E-03	    5.017791E-02	   -1.000000E+00	    1.238089E-02	    1.200000E-02	    8.750000E+02	    2.539281E-03	    5.517191E-03	    9.440080E-01	    2.355344E+04	
   -9.442504E-03	    6.233704E-03	    7.379590E-02	   -1.000000E+00	    1.292319E-02	    1.200000E-02	    8.750000E+02	    6.154606E-03	    7.146290E-03	    6.534488E-01	    1.848131E+04	
   -7.085276E-03	    8.236856E-03	    9.269787E-02	   -1.000000E+00	    1.356142E-02	    1.200000E-02	    8.750000E+02	    1.040949E-02	    8.420161E-03	    5.363671E-01	    1.535453E+04	
   -4.575478E-03	    9.523880E-03	    1.040424E-01	   -1.000000E+00	    1.402364E-02	    1.200000E-02	    8.750000E+02	    1.349091E-02	    9.146062E-03	    4.882898E-01	    1.375347E+04	
   -2.391804E-03	    1.014125E-02	    1.092411E-01	   -1.000000E+00	    1.425461E-02	    1.200000E-02	    8.750000E+02	    1.503072E-02	    9.465087E-03	    4.693751E-01	    1.306356E+04	
   -7.110158E-04	    1.034604E-02	    1.108830E-01	   -1.000000E+00	    1.433113E-02	    1.200000E-02	    8.750000E+02	    1.554088E-02	    9.561707E-03	    4.632823E-01	    1.283480E+04	
    7.110158E-04	    1.034604E-02	    1.108831E-01	   -1.000000E+00	    1.433113E-02	    1.200000E-02	    8.750000E+02	    1.554088E-02	    9.561710E-03	    4.632827E-01	    1.283482E+04	
    2.391804E-03	    1.014125E-02	    1.092414E-01	   -1.000000E+00	    1.425461E-02	    1.200000E-02	    8.750000E+02	    1.503071E-02	    9.465097E-03	    4.693763E-01	    1.306362E+04	
    4.575478E-03	    9.523880E-03	    1.040429E-01	   -1.000000E+00	    1.402363E-02	    1.200000E-02	    8.750000E+02	    1.349089E-02	    9.146079E-03	    4.882921E-01	    1.375361E+04	
    7.085276E-03	    8.236856E-03	    9.269865E-02	   -1.000000E+00	    1.356142E-02	    1.200000E-02	    8.750000E+02	    1.040944E-02	    8.420170E-03	    5.363707E-01	    1.535482E+04	
    9.442504E-03	    6.233704E-03	    7.379700E-02	   -1.000000E+00	    1.292318E-02	    1.200000E-02	    8.750000E+02	    6.154505E-03	    7.146247E-03	    6.534517E-01	    1.848192E+04	
    1.112638E-02	    3.949296E-03	    5.017923E-02	   -1.000000E+00	    1.238087E-02	    1.200000E-02	    8.750000E+02	    2.539129E-03	    5.516983E-03	    9.439935E-01	    2.355481E+04	
    1.202462E-02	    2.056069E-03	    2.854249E-02	   -1.000000E+00	    1.212089E-02	    1.200000E-02	    8.750000E+02	    8.059494E-04	    4.130648E-03	    1.667168E+00	    3.024681E+04	
    1.240360E-02	    8.874788E-04	    1.363484E-02	   -1.000000E+00	    1.203610E-02	    1.200000E-02	    8.750000E+02	    2.406687E-04	    3.180915E-03	    3.310817E+00	    3.804636E+04	
    1.254267E-02	    3.273302E-04	    5.380925E-03	   -1.000000E+00	    1.201141E-02	    1.200000E-02	    8.750000E+02	    7.607575E-05	    2.682456E-03	    7.448512E+00	    4.393714E+04	
    1.258981E-02	    1.085025E-04	    1.355754E-03	   -1.000000E+00	    1.211183E-02	    1.200000E-02	    8.750000E+02	    7.455094E-04	    6.196259E-03	    4.055614E+00	    2.579971E+04	
    1.259947E-02	    6.127997E-05	    0.000000E+00	   -1.000000E+00	    1.200000E-02	    1.200000E-02	    8.750000E+02	    0.000000E+00	    0.000000E+00	    0.000000E+00	    0.000000E+00	
   -1.259313E-02	    5.964944E-05	    0.000000E+00	   -1.000000E+00	    1.200000E-02	    1.200000E-02	    8.750000E+02	    0.000000E+00	    0.000000E+00	    0.000000E+00	    0.000000E+00	
   -1.257862E-02	    1.055745E-04	    3.138676E-03	   -1.000000E+00	    1.211105E-02	    1.200000E-02	    8.750000E+02	    7.403567E-04	    6.119418E-03	    3.983179E+00	    2.768384E+04	
   -1.250908E-02	    3.179270E-04	    1.263813E-02	   -1.000000E+00	    1.201510E-02	    1.200000E-02	    8.750000E+02	    1.006502E-04	    2.377825E-03	    4.423803E+00	    4.414872E+04	
   -1.231394E-02	    8.580513E-04	    3.195805E-02	   -1.000000E+00	    1.206721E-02	    1.200000E-02	    8.750000E+02	    4.480412E-04	    3.006056E-03	    1.588278E+00	    3.762529E+04	
   -1.182514E-02	    1.969150E-03	    6.602581E-02	   -1.000000E+00	    1.247289E-02	    1.200000E-02	    8.750000E+02	    3.152568E-03	    5.529748E-03	    7.638301E-01	    2.760518E+04	
   -1.077717E-02	    3.725433E-03	    1.117216E-01	   -1.000000E+00	    1.405994E-02	    1.200000E-02	    8.750000E+02	    1.373294E-02	    9.487646E-03	    5.161834E-01	    1.827570E+04	
   -8.983063E-03	    5.775499E-03	    1.559266E-01	   -1.000000E+00	    1.641257E-02	    1.200000E-02	    8.750000E+02	    2.941711E-02	    1.270352E-02	    4.320149E-01	    1.224030E+04	
   -6.636761E-03	    7.513927E-03	    1.878001E-01	   -1.000000E+00	    1.834434E-02	    1.200000E-02	    8.750000E+02	    4.229562E-02	    1.447450E-02	    3.900878E-01	    9.145385E+03	
   -4.243863E-03	    8.602900E-03	    2.056870E-01	   -1.000000E+00	    1.948074E-02	    1.200000E-02	    8.750000E+02	    4.987159E-02	    1.526622E-02	    3.680106E-01	    7.737642E+03	
   -2.208080E-03	    9.117730E-03	    2.135930E-01	   -1.000000E+00	    1.999617E-02	    1.200000E-02	    8.750000E+02	    5.330780E-02	    1.556831E-02	    3.580490E-01	    7.168688E+03	
   -6.553833E-04	    9.287446E-03	    2.160441E-01	   -1.000000E+00	    2.015941E-02	    1.200000E-02	    8.750000E+02	    5.439607E-02	    1.565348E-02	    3.547356E-01	    6.988998E+03	
    6.553833E-04	    9.287446E-03	    2.160443E-01	   -1.000000E+00	    2.015941E-02	    1.200000E-02	    8.750000E+02	    5.439605E-02	    1.565348E-02	    3.547360E-01	    6.989012E+03	
    2.208080E-03	    9.117730E-03	    2.135935E-01	   -1.000000E+00	    1.999616E-02	    1.200000E-02	    8.750000E+02	    5.330772E-02	    1.556832E-02	    3.580503E-01	    7.168734E+03	
    4.243863E-03	    8.602900E-03	    2.056881E-01	   -1.000000E+00	    1.948071E-02	    1.200000E-02	    8.750000E+02	    4.987143E-02	    1.526625E-02	    3.680131E-01	    7.737743E+03	
    6.636761E-03	    7.513927E-03	    1.878019E-01	   -1.000000E+00	    1.834430E-02	    1.200000E-02	    8.750000E+02	    4.229533E-02	    1.447452E-02	    3.900917E-01	    9.145600E+03	
    8.983063E-03	    5.775499E-03	    1.559292E-01	   -1.000000E+00	    1.641248E-02	    1.200000E-02	    8.750000E+02	    2.941657E-02	    1.270345E-02	    4.320182E-01	    1.224080E+04	
    1.077717E-02	    3.725433E-03	    1.117249E-01	   -1.000000E+00	    1.405979E-02	    1.200000E-02	    8.750000E+02	    1.373196E-02	    9.487191E-03	    5.161707E-01	    1.827704E+04	
    1.182514E-02	    1.969150E-03	    6.602920E-02	   -1.000000E+00	    1.247271E-02	    1.200000E-02	    8.750000E+02	    3.151388E-03	    5.528226E-03	    7.636956E-01	    2.760868E+04	
    1.231394E-02	    8.580513E-04	    3.196269E-02	   -1.000000E+00	    1.206711E-02	    1.200000E-02	    8.750000E+02	    4.473975E-04	    3.003014E-03	    1.587346E+00	    3.763608E+04	
    1.250908E-02	    3.179270E-04	    1.265503E-02	   -1.000000E+00	    1.201510E-02	    1.200000E-02	    8.750000E+02	    1.006387E-04	    2.379901E-03	    4.432037E+00	    4.425899E+04	
    1.257862E-02	    1.055745E-04	    3.179163E-03	   -1.000000E+00	    1.211173E-02	    1.200000E-02	    8.750000E+02	    7.448419E-04	    6.193786E-03	    4.056009E+00	    2.835230E+04	
    1.259313E-02	    5.964944E-05	    0.000000E+00	   -1.000000E+00	    1.200000E-02	    1.200000E-02	    8.750000E+02	    0.000000E+00	    0.000000E+00	    0.000000E+00	    0.000000E+00	
   -1.258323E-02	    5.557730E-05	    0.000000E+00	   -1.000000E+00	    1.200000E-02	    1.200000E-02	    8.750000E+02	    0.000000E+00	    0.000000E+00	    0.000000E+00	    0.000000E+00	
   -1.256112E-02	    9.830767E-05	    6.023331E-03	   -1.000000E+00	    1.211185E-02	    1.200000E-02	    8.750000E+02	    7.456862E-04	    6.221377E-03	    4.087592E+00	    3.657246E+04	
   -1.245682E-02	    2.952175E-04	    2.426908E-02	   -1.000000E+00	    1.203238E-02	    1.200000E-02	    8.750000E+02	    2.158781E-04	    2.610612E-03	    2.486146E+00	    4.531915E+04	
   -1.217608E-02	    7.911461E-04	    6.090581E-02	   -1.000000E+00	    1.229070E-02	    1.200000E-02	    8.750000E+02	    1.937973E-03	    4.629199E-03	    8.707922E-01	    3.583420E+04	
   -1.152567E-02	    1.789664E-03	    1.208382E-01	   -1.000000E+00	    1.419110E-02	    1.200000E-02	    8.750000E+02	    1.460734E-02	    9.909652E-03	    5.294150E-01	    2.178738E+04	
   -1.027222E-02	    3.311077E-03	    1.901915E-01	   -1.000000E+00	    1.789070E-02	    1.200000E-02	    8.750000E+02	    3.927136E-02	    1.475776E-02	    4.367323E-01	    1.175019E+04	
   -8.346969E-03	    5.004108E-03	    2.494523E-01	   -1.000000E+00	    2.150304E-02	    1.200000E-02	    8.750000E+02	    6.335361E-02	    1.739765E-02	    3.762360E-01	    6.886349E+03	
   -6.038114E-03	    6.374481E-03	    2.892169E-01	   -1.000000E+00	    2.406583E-02	    1.200000E-02	    8.750000E+02	    8.043888E-02	    1.845173E-02	    3.333178E-01	    4.787149E+03	
   -3.811236E-03	    7.204140E-03	    3.106553E-01	   -1.000000E+00	    2.549865E-02	    1.200000E-02	    8.750000E+02	    8.999102E-02	    1.879316E-02	    3.090657E-01	    3.908780E+03	
   -1.970960E-03	    7.588966E-03	    3.199309E-01	   -1.000000E+00	    2.613568E-02	    1.200000E-02	    8.750000E+02	    9.423785E-02	    1.889037E-02	    2.981988E-01	    3.567071E+03	
   -5.838365E-04	    7.714804E-03	    3.227770E-01	   -1.000000E+00	    2.633475E-02	    1.200000E-02	    8.750000E+02	    9.556499E-02	    1.891242E-02	    2.947445E-01	    3.461849E+03	
    5.838365E-04	    7.714804E-03	    3.227773E-01	   -1.000000E+00	    2.633474E-02	    1.200000E-02	    8.750000E+02	    9.556492E-02	    1.891242E-02	    2.947448E-01	    3.461858E+03	
    1.970960E-03	    7.588966E-03	    3.199319E-01	   -1.000000E+00	    2.613564E-02	    1.200000E-02	    8.750000E+02	    9.423759E-02	    1.889037E-02	    2.981999E-01	    3.567101E+03	
    3.811236E-03	    7.204140E-03	    3.106573E-01	   -1.000000E+00	    2.549857E-02	    1.200000E-02	    8.750000E+02	    8.999050E-02	    1.879317E-02	    3.090678E-01	    3.908847E+03	
    6.038114E-03	    6.374481E-03	    2.892202E-01	   -1.000000E+00	    2.406570E-02	    1.200000E-02	    8.750000E+02	    8.043798E-02	    1.845171E-02	    3.333211E-01	    4.787292E+03	
    8.346969E-03	    5.004108E-03	    2.494572E-01	   -1.000000E+00	    2.150282E-02	    1.200000E-02	    8.750000E+02	    6.335215E-02	    1.739752E-02	    3.762392E-01	    6.886702E+03	
    1.027222E-02	    3.311077E-03	    1.901983E-01	   -1.000000E+00	    1.789033E-02	    1.200000E-02	    8.750000E+02	    3.926886E-02	    1.475713E-02	    4.367231E-01	    1.175129E+04	
    1.152567E-02	    1.789664E-03	    1.208459E-01	   -1.000000E+00	    1.419041E-02	    1.200000E-02	    8.750000E+02	    1.460276E-02	    9.907138E-03	    5.293125E-01	    2.179118E+04	
    1.217608E-02	    7.911461E-04	    6.091515E-02	   -1.000000E+00	    1.229008E-02	    1.200000E-02	    8.750000E+02	    1.933896E-03	    4.622916E-03	    8.702609E-01	    3.584515E+04	
    1.245682E-02	    2.952175E-04	    2.430177E-02	   -1.000000E+00	    1.203232E-02	    1.200000E-02	    8.750000E+02	    2.154751E-04	    2.610874E-03	    2.491296E+00	    4.541108E+04	
    1.256112E-02	    9.830767E-05	    6.103982E-03	   -1.000000E+00	    1.211253E-02	    1.200000E-02	    8.750000E+02	    7.502307E-04	    6.297439E-03	    4.162782E+00	    3.735342E+04	
    1.258323E-02	    5.557730E-05	    0.000000E+00	   -1.000000E+00	    1.200000E-02	    1.200000E-02	    8.750000E+02	    0.000000E+00	    0.000000E+00	    0.000000E+00	    0.000000E+00	
   -1.257093E-02	    4.725077E-05	    0.000000E+00	   -1.000000E+00	    1.200000E-02	    1.200000E-02	    8.750000E+02	    0.000000E+00	    0.000000E+00	    0.000000E+00	    0.000000E+00	
   -1.253941E-02	    8.351653E-05	    9.760596E-03	   -1.000000E+00	    1.211432E-02	    1.200000E-02	    8.750000E+02	    7.621098E-04	    6.516067E-03	    4.387368E+00	    5.672089E+04	
   -1.239239E-02	    2.499345E-04	    3.934362E-02	   -1.000000E+00	    1.209661E-02	    1.200000E-02	    8.750000E+02	    6.440823E-04	    3.634464E-03	    1.615065E+00	    4.764912E+04	
   -1.200876E-02	    6.640238E-04	    9.689253E-02	   -1.000000E+00	    1.309691E-02	    1.200000E-02	    8.750000E+02	    7.312725E-03	    7.781615E-03	    6.520950E-01	    3.176717E+04	
   -1.117350E-02	    1.476491E-03	    1.805113E-01	   -1.000000E+00	    1.678601E-02	    1.200000E-02	    8.750000E+02	    3.190676E-02	    1.398244E-02	    4.825402E-01	    1.562651E+04	
   -9.706232E-03	    2.662513E-03	    2.672006E-01	   -1.000000E+00	    2.159844E-02	    1.200000E-02	    8.750000E+02	    6.398960E-02	    1.804550E-02	    4.007551E-01	    7.479240E+03	
   -7.670938E-03	    3.913656E-03	    3.368150E-01	   -1.000000E+00	    2.579582E-02	    1.200000E-02	    8.750000E+02	    9.197216E-02	    1.964702E-02	    3.305123E-01	    4.171525E+03	
   -5.428676E-03	    4.877236E-03	    3.814543E-01	   -1.000000E+00	    2.864230E-02	    1.200000E-02	    8.750000E+02	    1.109487E-01	    1.994541E-02	    2.823673E-01	    2.812364E+03	
   -3.382131E-03	    5.440553E-03	    4.047876E-01	   -1.000000E+00	    3.020740E-02	    1.200000E-02	    8.750000E+02	    1.213827E-01	    1.988231E-02	    2.564646E-01	    2.249313E+03	
   -1.738595E-03	    5.696910E-03	    4.147132E-01	   -1.000000E+00	    3.089964E-02	    1.200000E-02	    8.750000E+02	    1.259976E-01	    1.980896E-02	    2.452513E-01	    2.031109E+03	
   -5.140005E-04	    5.780075E-03	    4.177361E-01	   -1.000000E+00	    3.111514E-02	    1.200000E-02	    8.750000E+02	    1.274343E-01	    1.978025E-02	    2.417843E-01	    1.964319E+03	
    5.140005E-04	    5.780075E-03	    4.177366E-01	   -1.000000E+00	    3.111512E-02	    1.200000E-02	    8.750000E+02	    1.274341E-01	    1.978025E-02	    2.417844E-01	    1.964325E+03	
    1.738595E-03	    5.696910E-03	    4.147147E-01	   -1.000000E+00	    3.089956E-02	    1.200000E-02	    8.750000E+02	    1.259971E-01	    1.980893E-02	    2.452517E-01	    2.031128E+03	
    3.382131E-03	    5.440553E-03	    4.047906E-01	   -1.000000E+00	    3.020725E-02	    1.200000E-02	    8.750000E+02	    1.213817E-01	    1.988225E-02	    2.564652E-01	    2.249354E+03	
    5.428676E-03	    4.877236E-03	    3.814594E-01	   -1.000000E+00	    2.864204E-02	    1.200000E-02	    8.750000E+02	    1.109470E-01	    1.994528E-02	    2.823679E-01	    2.812453E+03	
    7.670938E-03	    3.913656E-03	    3.368229E-01	   -1.000000E+00	    2.579542E-02	    1.200000E-02	    8.750000E+02	    9.196944E-02	    1.964669E-02	    3.305110E-01	    4.171748E+03	
    9.706232E-03	    2.662513E-03	    2.672121E-01	   -1.000000E+00	    2.159775E-02	    1.200000E-02	    8.750000E+02	    6.398498E-02	    1.804454E-02	    4.007415E-01	    7.479982E+03	
    1.117350E-02	    1.476491E-03	    1.805262E-01	   -1.000000E+00	    1.678458E-02	    1.200000E-02	    8.750000E+02	    3.189720E-02	    1.397918E-02	    4.824604E-01	    1.562974E+04	
    1.200876E-02	    6.640238E-04	    9.691025E-02	   -1.000000E+00	    1.309451E-02	    1.200000E-02	    8.750000E+02	    7.296738E-03	    7.771926E-03	    6.518972E-01	    3.177701E+04	
    1.239239E-02	    2.499345E-04	    3.939759E-02	   -1.000000E+00	    1.209614E-02	    1.200000E-02	    8.750000E+02	    6.409099E-04	    3.631483E-03	    1.620398E+00	    4.769648E+04	
    1.253941E-02	    8.351653E-05	    9.905061E-03	   -1.000000E+00	    1.211503E-02	    1.200000E-02	    8.750000E+02	    7.668537E-04	    6.597440E-03	    4.469809E+00	    5.776725E+04	
    1.257093E-02	    4.725077E-05	    0.000000E+00	   -1.000000E+00	    1.200000E-02	    1.200000E-02	    8.750000E+02	    0.000000E+00	    0.000000E+00	    0.000000E+00	    0.000000E+00	
   -1.255990E-02	    3.476088E-05	    0.000000E+00	   -1.000000E+00	    1.200000E-02	    1.200000E-02	    8.750000E+02	    0.000000E+00	    0.000000E+00	    0.000000E+00	    0.000000E+00	
   -1.251998E-02	    6.139911E-05	    1.332582E-02	   -1.000000E+00	    1.211747E-02	    1.200000E-02	    8.750000E+02	    7.831535E-04	    6.897608E-03	    4.784104E+00	    8.520966E+04	
   -1.233512E-02	    1.831797E-04	    5.379218E-02	   -1.000000E+00	    1.222874E-02	    1.200000E-02	    8.750000E+02	    1.524945E-03	    5.038965E-03	    1.311230E+00	    5.001572E+04	
   -1.186244E-02	    4.829724E-04	    1.293536E-01	   -1.000000E+00	    1.417124E-02	    1.200000E-02	    8.750000E+02	    1.447491E-02	    1.055748E-02	    6.063949E-01	    2.731789E+04	
   -1.087522E-02	    1.058139E-03	    2.300881E-01	   -1.000000E+00	    1.882690E-02	    1.200000E-02	    8.750000E+02	    4.551270E-02	    1.643824E-02	    4.675505E-01	    1.187371E+04	
   -9.248793E-03	    1.868052E-03	    3.294029E-01	   -1.000000E+00	    2.412741E-02	    1.200000E-02	    8.750000E+02	    8.084943E-02	    1.953941E-02	    3.718746E-01	    5.455057E+03	
   -7.151051E-03	    2.686377E-03	    4.063983E-01	   -1.000000E+00	    2.852885E-02	    1.200000E-02	    8.750000E+02	    1.101923E-01	    2.025227E-02	    2.931207E-01	    2.961216E+03	
   -4.977694E-03	    3.292843E-03	    4.543094E-01	   -1.000000E+00	    3.144713E-02	    1.200000E-02	    8.750000E+02	    1.296475E-01	    1.998816E-02	    2.426790E-01	    1.939121E+03	
   -3.071691E-03	    3.638254E-03	    4.788386E-01	   -1.000000E+00	    3.304772E-02	    1.200000E-02	    8.750000E+02	    1.403181E-01	    1.964698E-02	    2.166348E-01	    1.514398E+03	
   -1.572213E-03	    3.793282E-03	    4.891577E-01	   -1.000000E+00	    3.375804E-02	    1.200000E-02	    8.750000E+02	    1.450536E-01	    1.946109E-02	    2.056157E-01	    1.349632E+03	
   -4.641626E-04	    3.843288E-03	    4.922859E-01	   -1.000000E+00	    3.397954E-02	    1.200000E-02	    8.750000E+02	    1.465303E-01	    1.939928E-02	    2.022528E-01	    1.299222E+03	
    4.641626E-04	    3.843288E-03	    4.922865E-01	   -1.000000E+00	    3.397951E-02	    1.200000E-02	    8.750000E+02	    1.465301E-01	    1.939926E-02	    2.022526E-01	    1.299224E+03	
    1.572213E-03	    3.793282E-03	    4.891597E-01	   -1.000000E+00	    3.375793E-02	    1.200000E-02	    8.750000E+02	    1.450528E-01	    1.946100E-02	    2.056149E-01	    1.349640E+03	
    3.071691E-03	    3.638254E-03	    4.788427E-01	   -1.000000E+00	    3.304750E-02	    1.200000E-02	    8.750000E+02	    1.403167E-01	    1.964680E-02	    2.166332E-01	    1.514415E+03	
    4.977694E-03	    3.292843E-03	    4.543164E-01	   -1.000000E+00	    3.144677E-02	    1.200000E-02	    8.750000E+02	    1.296451E-01	    1.998783E-02	    2.426755E-01	    1.939160E+03	
    7.151051E-03	    2.686377E-03	    4.064093E-01	   -1.000000E+00	    2.852827E-02	    1.200000E-02	    8.750000E+02	    1.101885E-01	    2.025162E-02	    2.931124E-01	    2.961321E+03	
    9.248793E-03	    1.868052E-03	    3.294194E-01	   -1.000000E+00	    2.412640E-02	    1.200000E-02	    8.750000E+02	    8.084265E-02	    1.953796E-02	    3.718504E-01	    5.455442E+03	
    1.087522E-02	    1.058139E-03	    2.301111E-01	   -1.000000E+00	    1.882466E-02	    1.200000E-02	    8.750000E+02	    4.549772E-02	    1.643427E-02	    4.674786E-01	    1.187569E+04	
    1.186244E-02	    4.829724E-04	    1.293828E-01	   -1.000000E+00	    1.416641E-02	    1.200000E-02	    8.750000E+02	    1.444270E-02	    1.054618E-02	    6.064466E-01	    2.732258E+04	
    1.233512E-02	    1.831797E-04	    5.386843E-02	   -1.000000E+00	    1.222692E-02	    1.200000E-02	    8.750000E+02	    1.512831E-03	    5.031861E-03	    1.318006E+00	    4.998336E+04	
    1.251998E-02	    6.139911E-05	    1.356280E-02	   -1.000000E+00	    1.211823E-02	    1.200000E-02	    8.750000E+02	    7.881957E-04	    6.986713E-03	    4.877107E+00	    8.668190E+04	
    1.255990E-02	    3.476088E-05	    0.000000E+00	   -1.000000E+00	    1.200000E-02	    1.200000E-02	    8.750000E+02	    0.000000E+00	    0.000000E+00	    0.000000E+00	    0.000000E+00	
   -1.255318E-02	    2.154085E-05	    0.000000E+00	   -1.000000E+00	    1.200000E-02	    1.200000E-02	    8.750000E+02	    0.000000E+00	    0.000000E+00	    0.000000E+00	    0.000000E+00	
   -1.250815E-02	    3.803261E-05	    1.572233E-02	   -1.000000E+00	    1.211927E-02	    1.200000E-02	    8.750000E+02	    7.951142E-04	    7.120445E-03	    5.021522E+00	    1.097793E+05	
   -1.230039E-02	    1.132551E-04	    6.371113E-02	   -1.000000E+00	    1.237003E-02	    1.200000E-02	    8.750000E+02	    2.466854E-03	    6.159279E-03	    1.211063E+00	    5.160432E+04	
   -1.177478E-02	    2.972392E-04	    1.511882E-01	   -1.000000E+00	    1.495177E-02	    1.200000E-02	    8.750000E+02	    1.967845E-02	    1.227958E-02	    6.034299E-01	    2.464099E+04	
   -1.070070E-02	    6.455373E-04	    2.631843E-01	   -1.000000E+00	    2.000160E-02	    1.200000E-02	    8.750000E+02	    5.334403E-02	    1.768378E-02	    4.616521E-01	    1.013641E+04	
   -8.989943E-03	    1.125812E-03	    3.713852E-01	   -1.000000E+00	    2.545039E-02	    1.200000E-02	    8.750000E+02	    8.966929E-02	    2.004621E-02	    3.529159E-01	    4.550619E+03	
   -6.866724E-03	    1.599379E-03	    4.539700E-01	   -1.000000E+00	    2.985987E-02	    1.200000E-02	    8.750000E+02	    1.190658E-01	    2.015202E-02	    2.685967E-01	    2.413719E+03	
   -4.737258E-03	    1.943008E-03	    5.046502E-01	   -1.000000E+00	    3.275535E-02	    1.200000E-02	    8.750000E+02	    1.383690E-01	    1.952370E-02	    2.169383E-01	    1.536151E+03	
   -2.908583E-03	    2.136003E-03	    5.303457E-01	   -1.000000E+00	    3.435109E-02	    1.200000E-02	    8.750000E+02	    1.490073E-01	    1.900587E-02	    1.909055E-01	    1.169967E+03	
   -1.485366E-03	    2.221991E-03	    5.410986E-01	   -1.000000E+00	    3.506454E-02	    1.200000E-02	    8.750000E+02	    1.537636E-01	    1.874869E-02	    1.800275E-01	    1.027609E+03	
   -4.382040E-04	    2.249645E-03	    5.443512E-01	   -1.000000E+00	    3.528793E-02	    1.200000E-02	    8.750000E+02	    1.552529E-01	    1.866580E-02	    1.767276E-01	    9.839649E+02	
    4.382040E-04	    2.249645E-03	    5.443519E-01	   -1.000000E+00	    3.528789E-02	    1.200000E-02	    8.750000E+02	    1.552526E-01	    1.866576E-02	    1.767271E-01	    9.839644E+02	
    1.485366E-03	    2.221991E-03	    5.411011E-01	   -1.000000E+00	    3.506441E-02	    1.200000E-02	    8.750000E+02	    1.537627E-01	    1.874855E-02	    1.800258E-01	    1.027607E+03	
    2.908583E-03	    2.136003E-03	    5.303507E-01	   -1.000000E+00	    3.435085E-02	    1.200000E-02	    8.750000E+02	    1.490056E-01	    1.900558E-02	    1.909019E-01	    1.169964E+03	
    4.737258E-03	    1.943008E-03	    5.046587E-01	   -1.000000E+00	    3.275493E-02	    1.200000E-02	    8.750000E+02	    1.383662E-01	    1.952319E-02	    2.169312E-01	    1.536148E+03	
    6.866724E-03	    1.599379E-03	    4.539833E-01	   -1.000000E+00	    2.985919E-02	    1.200000E-02	    8.750000E+02	    1.190612E-01	    2.015107E-02	    2.685817E-01	    2.413725E+03	
    8.989943E-03	    1.125812E-03	    3.714054E-01	   -1.000000E+00	    2.544917E-02	    1.200000E-02	    8.750000E+02	    8.966113E-02	    2.004430E-02	    3.528808E-01	    4.550697E+03	
    1.070070E-02	    6.455373E-04	    2.632137E-01	   -1.000000E+00	    1.999885E-02	    1.200000E-02	    8.750000E+02	    5.332565E-02	    1.767927E-02	    4.615756E-01	    1.013717E+04	
    1.177478E-02	    2.972392E-04	    1.512267E-01	   -1.000000E+00	    1.494533E-02	    1.200000E-02	    8.750000E+02	    1.963553E-02	    1.226780E-02	    6.035888E-01	    2.463884E+04	
    1.230039E-02	    1.132551E-04	    6.380360E-02	   -1.000000E+00	    1.236648E-02	    1.200000E-02	    8.750000E+02	    2.443224E-03	    6.148843E-03	    1.218636E+00	    5.146684E+04	
    1.250815E-02	    3.803261E-05	    1.607294E-02	   -1.000000E+00	    1.212006E-02	    1.200000E-02	    8.750000E+02	    8.003768E-04	    7.215014E-03	    5.121892E+00	    1.117001E+05	
    1.255318E-02	    2.154085E-05	    0.000000E+00	   -1.000000E+00	    1.200000E-02	    1.200000E-02	    8.750000E+02	    0.000000E+00	    0.000000E+00	    0.000000E+00	    0.000000E+00	
   -1.255037E-02	    1.123974E-05	    0.000000E+00	   -1.000000E+00	    1.200000E-02	    1.200000E-02	    8.750000E+02	    0.000000E+00	    0.000000E+00	    0.000000E+00	    0.000000E+00	
   -1.250321E-02	    1.984153E-05	    1.691706E-02	   -1.000000E+00	    1.211944E-02	    1.200000E-02	    8.750000E+02	    7.962348E-04	    7.144952E-03	    5.049031E+00	    1.241635E+05	
   -1.228593E-02	    5.903882E-05	    6.891669E-02	   -1.000000E+00	    1.247128E-02	    1.200000E-02	    8.750000E+02	    3.141851E-03	    6.811229E-03	    1.162829E+00	    5.270663E+04	
   -1.173853E-02	    1.546527E-04	    1.631294E-01	   -1.000000E+00	    1.538938E-02	    1.200000E-02	    8.750000E+02	    2.259590E-02	    1.320937E-02	    6.081140E-01	    2.352867E+04	
   -1.062939E-02	    3.346636E-04	    2.818689E-01	   -1.000000E+00	    2.055704E-02	    1.200000E-02	    8.750000E+02	    5.704694E-02	    1.826902E-02	    4.607326E-01	    9.406036E+03	
   -8.885987E-03	    5.807714E-04	    3.958547E-01	   -1.000000E+00	    2.600969E-02	    1.200000E-02	    8.750000E+02	    9.339795E-02	    2.017126E-02	    3.430671E-01	    4.153444E+03	
   -6.754465E-03	    8.210764E-04	    4.825124E-01	   -1.000000E+00	    3.036742E-02	    1.200000E-02	    8.750000E+02	    1.224495E-01	    1.991285E-02	    2.550119E-01	    2.163079E+03	
   -4.643502E-03	    9.939944E-04	    5.355004E-01	   -1.000000E+00	    3.321817E-02	    1.200000E-02	    8.750000E+02	    1.414545E-01	    1.906443E-02	    2.023398E-01	    1.344904E+03	
   -2.845425E-03	    1.090582E-03	    5.622911E-01	   -1.000000E+00	    3.479844E-02	    1.200000E-02	    8.750000E+02	    1.519896E-01	    1.843696E-02	    1.761227E-01	    1.002395E+03	
   -1.451844E-03	    1.133494E-03	    5.734837E-01	   -1.000000E+00	    3.551013E-02	    1.200000E-02	    8.750000E+02	    1.567342E-01	    1.813451E-02	    1.652337E-01	    8.689537E+02	
   -4.281940E-04	    1.147279E-03	    5.768667E-01	   -1.000000E+00	    3.573391E-02	    1.200000E-02	    8.750000E+02	    1.582261E-01	    1.803805E-02	    1.619391E-01	    8.279457E+02	
    4.281940E-04	    1.147279E-03	    5.768675E-01	   -1.000000E+00	    3.573387E-02	    1.200000E-02	    8.750000E+02	    1.582258E-01	    1.803800E-02	    1.619385E-01	    8.279435E+02	
    1.451844E-03	    1.133494E-03	    5.734864E-01	   -1.000000E+00	    3.551001E-02	    1.200000E-02	    8.750000E+02	    1.567334E-01	    1.813434E-02	    1.652313E-01	    8.689458E+02	
    2.845425E-03	    1.090582E-03	    5.622967E-01	   -1.000000E+00	    3.479818E-02	    1.200000E-02	    8.750000E+02	    1.519879E-01	    1.843660E-02	    1.761178E-01	    1.002379E+03	
    4.643502E-03	    9.939944E-04	    5.355098E-01	   -1.000000E+00	    3.321773E-02	    1.200000E-02	    8.750000E+02	    1.414516E-01	    1.906378E-02	    2.023303E-01	    1.344873E+03	
    6.754465E-03	    8.210764E-04	    4.825271E-01	   -1.000000E+00	    3.036670E-02	    1.200000E-02	    8.750000E+02	    1.224446E-01	    1.991171E-02	    2.549927E-01	    2.163018E+03	
    8.885987E-03	    5.807714E-04	    3.958772E-01	   -1.000000E+00	    2.600838E-02	    1.200000E-02	    8.750000E+02	    9.338920E-02	    2.016906E-02	    3.430246E-01	    4.153320E+03	
    1.062939E-02	    3.346636E-04	    2.819020E-01	   -1.000000E+00	    2.055411E-02	    1.200000E-02	    8.750000E+02	    5.702742E-02	    1.826422E-02	    4.606476E-01	    9.406006E+03	
    1.173853E-02	    1.546527E-04	    1.631726E-01	   -1.000000E+00	    1.538242E-02	    1.200000E-02	    8.750000E+02	    2.254947E-02	    1.319756E-02	    6.082769E-01	    2.352189E+04	
    1.228593E-02	    5.903882E-05	    6.901620E-02	   -1.000000E+00	    1.246653E-02	    1.200000E-02	    8.750000E+02	    3.110168E-03	    6.798525E-03	    1.170297E+00	    5.246997E+04	
    1.250321E-02	    1.984153E-05	    1.737609E-02	   -1.000000E+00	    1.212023E-02	    1.200000E-02	    8.750000E+02	    8.015421E-04	    7.240518E-03	    5.150668E+00	    1.264019E+05	
    1.255037E-02	    1.123974E-05	    0.000000E+00	   -1.000000E+00	    1.200000E-02	    1.200000E-02	    8.750000E+02	    0.000000E+00	    0.000000E+00	    0.000000E+00	    0.000000E+00	
   -1.254953E-02	    4.779469E-06	    0.000000E+00	   -1.000000E+00	    1.200000E-02	    1.200000E-02	    8.750000E+02	    0.000000E+00	    0.000000E+00	    0.000000E+00	    0.000000E+00	
   -1.250174E-02	    8.436772E-06	    1.741691E-02	   -1.000000E+00	    1.211897E-02	    1.200000E-02	    8.750000E+02	    7.931119E-04	    7.090320E-03	    4.991692E+00	    1.309827E+05	
   -1.228164E-02	    2.509794E-05	    7.127501E-02	   -1.000000E+00	    1.253118E-02	    1.200000E-02	    8.750000E+02	    3.541190E-03	    7.136890E-03	    1.132712E+00	    5.349324E+04	
   -1.172778E-02	    6.570703E-05	    1.689794E-01	   -1.000000E+00	    1.560957E-02	    1.200000E-02	    8.750000E+02	    2.406381E-02	    1.368019E-02	    6.124501E-01	    2.314780E+04	
   -1.060836E-02	    1.420367E-04	    2.914217E-01	   -1.000000E+00	    2.079571E-02	    1.200000E-02	    8.750000E+02	    5.863805E-02	    1.853978E-02	    4.616155E-01	    9.107083E+03	
   -8.855518E-03	    2.461307E-04	    4.088017E-01	   -1.000000E+00	    2.621807E-02	    1.200000E-02	    8.750000E+02	    9.478716E-02	    2.018861E-02	    3.386210E-01	    3.977400E+03	
   -6.721769E-03	    3.474788E-04	    4.980626E-01	   -1.000000E+00	    3.052637E-02	    1.200000E-02	    8.750000E+02	    1.235092E-01	    1.973062E-02	    2.482177E-01	    2.046108E+03	
   -4.616319E-03	    4.202292E-04	    5.526537E-01	   -1.000000E+00	    3.333999E-02	    1.200000E-02	    8.750000E+02	    1.422666E-01	    1.875830E-02	    1.947756E-01	    1.252361E+03	
   -2.827159E-03	    4.608011E-04	    5.802518E-01	   -1.000000E+00	    3.490603E-02	    1.200000E-02	    8.750000E+02	    1.527069E-01	    1.806692E-02	    1.683295E-01	    9.194371E+02	
   -1.442159E-03	    4.788118E-04	    5.917790E-01	   -1.000000E+00	    3.561497E-02	    1.200000E-02	    8.750000E+02	    1.574331E-01	    1.773743E-02	    1.573751E-01	    7.895221E+02	
   -4.253033E-04	    4.845955E-04	    5.952627E-01	   -1.000000E+00	    3.583855E-02	    1.200000E-02	    8.750000E+02	    1.589237E-01	    1.763276E-02	    1.540644E-01	    7.495273E+02	
    4.253033E-04	    4.845955E-04	    5.952635E-01	   -1.000000E+00	    3.583852E-02	    1.200000E-02	    8.750000E+02	    1.589234E-01	    1.763270E-02	    1.540636E-01	    7.495239E+02	
    1.442159E-03	    4.788118E-04	    5.917820E-01	   -1.000000E+00	    3.561484E-02	    1.200000E-02	    8.750000E+02	    1.574323E-01	    1.773724E-02	    1.573725E-01	    7.895104E+02	
    2.827159E-03	    4.608011E-04	    5.802577E-01	   -1.000000E+00	    3.490577E-02	    1.200000E-02	    8.750000E+02	    1.527051E-01	    1.806652E-02	    1.683240E-01	    9.194127E+02	
    4.616319E-03	    4.202292E-04	    5.526636E-01	   -1.000000E+00	    3.333954E-02	    1.200000E-02	    8.750000E+02	    1.422636E-01	    1.875759E-02	    1.947649E-01	    1.252314E+03	
    6.721769E-03	    3.474788E-04	    4.980781E-01	   -1.000000E+00	    3.052563E-02	    1.200000E-02	    8.750000E+02	    1.235042E-01	    1.972937E-02	    2.481962E-01	    2.046008E+03	
    8.855518E-03	    2.461307E-04	    4.088255E-01	   -1.000000E+00	    2.621673E-02	    1.200000E-02	    8.750000E+02	    9.477821E-02	    2.018627E-02	    3.385744E-01	    3.977166E+03	
    1.060836E-02	    1.420367E-04	    2.914566E-01	   -1.000000E+00	    2.079276E-02	    1.200000E-02	    8.750000E+02	    5.861841E-02	    1.853484E-02	    4.615242E-01	    9.106663E+03	
    1.172778E-02	    6.570703E-05	    1.690245E-01	   -1.000000E+00	    1.560258E-02	    1.200000E-02	    8.750000E+02	    2.401723E-02	    1.366847E-02	    6.125867E-01	    2.313893E+04	
    1.228164E-02	    2.509794E-05	    7.137578E-02	   -1.000000E+00	    1.252580E-02	    1.200000E-02	    8.750000E+02	    3.505322E-03	    7.122743E-03	    1.139770E+00	    5.318665E+04	
    1.250174E-02	    8.436772E-06	    1.795595E-02	   -1.000000E+00	    1.211975E-02	    1.200000E-02	    8.750000E+02	    7.983630E-04	    7.184520E-03	    5.091499E+00	    1.333879E+05	
    1.254953E-02	    4.779469E-06	    0.000000E+00	   -1.000000E+00	    1.200000E-02	    1.200000E-02	    8.750000E+02	    0.000000E+00	    0.000000E+00	    0.000000E+00	    0.000000E+00	
   -1.254936E-02	    1.220100E-06	    0.000000E+00	   -1.000000E+00	    1.200000E-02	    1.200000E-02	    8.750000E+02	    0.000000E+00	    0.000000E+00	    0.000000E+00	    0.000000E+00	
   -1.250144E-02	    2.153711E-06	    1.761644E-02	   -1.000000E+00	    1.211851E-02	    1.200000E-02	    8.750000E+02	    7.900751E-04	    7.036392E-03	    4.934944E+00	    1.346247E+05	
   -1.228076E-02	    6.406612E-06	    7.230375E-02	   -1.000000E+00	    1.256332E-02	    1.200000E-02	    8.750000E+02	    3.755491E-03	    7.291324E-03	    1.114799E+00	    5.587806E+04	
   -1.172559E-02	    1.677073E-05	    1.717437E-01	   -1.000000E+00	    1.571613E-02	    1.200000E-02	    8.750000E+02	    2.477420E-02	    1.391172E-02	    6.151950E-01	    2.440275E+04	
   -1.060407E-02	    3.624484E-05	    2.960992E-01	   -1.000000E+00	    2.089728E-02	    1.200000E-02	    8.750000E+02	    5.931519E-02	    1.866620E-02	    4.625904E-01	    9.502212E+03	
   -8.849307E-03	    6.278885E-05	    4.153064E-01	   -1.000000E+00	    2.629387E-02	    1.200000E-02	    8.750000E+02	    9.529244E-02	    2.018480E-02	    3.366984E-01	    4.127530E+03	
   -6.715115E-03	    8.861755E-05	    5.060409E-01	   -1.000000E+00	    3.056992E-02	    1.200000E-02	    8.750000E+02	    1.237995E-01	    1.962389E-02	    2.449637E-01	    2.126438E+03	
   -4.610793E-03	    1.071489E-04	    5.615805E-01	   -1.000000E+00	    3.335995E-02	    1.200000E-02	    8.750000E+02	    1.423997E-01	    1.858621E-02	    1.910396E-01	    1.307882E+03	
   -2.823449E-03	    1.174802E-04	    5.896700E-01	   -1.000000E+00	    3.491642E-02	    1.200000E-02	    8.750000E+02	    1.527761E-01	    1.786024E-02	    1.644258E-01	    9.646117E+02	
   -1.440193E-03	    1.220657E-04	    6.014038E-01	   -1.000000E+00	    3.562316E-02	    1.200000E-02	    8.750000E+02	    1.574877E-01	    1.751587E-02	    1.534148E-01	    8.304973E+02	
   -4.247164E-04	    1.235382E-04	    6.049498E-01	   -1.000000E+00	    3.584646E-02	    1.200000E-02	    8.750000E+02	    1.589764E-01	    1.740663E-02	    1.500885E-01	    7.891592E+02	
    4.247164E-04	    1.235382E-04	    6.049507E-01	   -1.000000E+00	    3.584642E-02	    1.200000E-02	    8.750000E+02	    1.589761E-01	    1.740657E-02	    1.500877E-01	    7.891558E+02	
    1.440193E-03	    1.220657E-04	    6.014068E-01	   -1.000000E+00	    3.562303E-02	    1.200000E-02	    8.750000E+02	    1.574869E-01	    1.751566E-02	    1.534120E-01	    8.304855E+02	
    2.823449E-03	    1.174802E-04	    5.896760E-01	   -1.000000E+00	    3.491616E-02	    1.200000E-02	    8.750000E+02	    1.527744E-01	    1.785982E-02	    1.644199E-01	    9.645870E+02	
    4.610793E-03	    1.071489E-04	    5.615906E-01	   -1.000000E+00	    3.335950E-02	    1.200000E-02	    8.750000E+02	    1.423967E-01	    1.858547E-02	    1.910282E-01	    1.307835E+03	
    6.715115E-03	    8.861755E-05	    5.060569E-01	   -1.000000E+00	    3.056917E-02	    1.200000E-02	    8.750000E+02	    1.237945E-01	    1.962258E-02	    2.449411E-01	    2.126339E+03	
    8.849307E-03	    6.278885E-05	    4.153307E-01	   -1.000000E+00	    2.629251E-02	    1.200000E-02	    8.750000E+02	    9.528342E-02	    2.018238E-02	    3.366497E-01	    4.127303E+03	
    1.060407E-02	    3.624484E-05	    2.961349E-01	   -1.000000E+00	    2.089435E-02	    1.200000E-02	    8.750000E+02	    5.929564E-02	    1.866121E-02	    4.624953E-01	    9.501934E+03	
    1.172559E-02	    1.677073E-05	    1.717894E-01	   -1.000000E+00	    1.570922E-02	    1.200000E-02	    8.750000E+02	    2.472816E-02	    1.390008E-02	    6.153088E-01	    2.439478E+04	
    1.228076E-02	    6.406612E-06	    7.240398E-02	   -1.000000E+00	    1.255765E-02	    1.200000E-02	    8.750000E+02	    3.717671E-03	    7.276343E-03	    1.121517E+00	    5.552800E+04	
    1.250144E-02	    2.153711E-06	    1.820432E-02	   -1.000000E+00	    1.211929E-02	    1.200000E-02	    8.750000E+02	    7.952599E-04	    7.129047E-03	    5.032739E+00	    1.368360E+05	
    1.254936E-02	    1.220100E-06	    0.000000E+00	    1.000000E+00	    1.000000E-03	    1.000000E-03	    9.980000E+02	    0.000000E+00	    0.000000E+00	    0.000000E+00	    0.000000E+00	
   -1.254936E-02	   -1.418230E-06	    0.000000E+00	    1.000000E+00	    1.000000E-03	    1.000000E-03	    9.980000E+02	    0.000000E+00	    0.000000E+00	    0.000000E+00	    0.000000E+00	
   -1.250144E-02	   -2.503449E-06	    1.782055E-02	    1.000000E+00	    1.134381E-03	    1.000000E-03	    9.980000E+02	    8.958710E-04	    6.954388E-03	    4.848924E+00	    1.599549E+05	
   -1.228078E-02	   -7.446983E-06	    7.340386E-02	    1.000000E+00	    1.682013E-03	    1.000000E-03	    9.980000E+02	    4.546754E-03	    7.441690E-03	    1.093994E+00	    9.351601E+04	
   -1.172564E-02	   -1.949419E-05	    1.744560E-01	    1.000000E+00	    5.330527E-03	    1.000000E-03	    9.980000E+02	    2.887018E-02	    1.408903E-02	    6.175697E-01	    3.227437E+04	
   -1.060417E-02	   -4.213098E-05	    3.002465E-01	    1.000000E+00	    1.122199E-02	    1.000000E-03	    9.980000E+02	    6.814657E-02	    1.875127E-02	    4.634369E-01	    1.121402E+04	
   -8.849459E-03	   -7.298626E-05	    4.207666E-01	    1.000000E+00	    1.735083E-02	    1.000000E-03	    9.980000E+02	    1.090055E-01	    2.017436E-02	    3.353700E-01	    4.720095E+03	
   -6.715278E-03	   -1.030105E-04	    5.125810E-01	    1.000000E+00	    2.219977E-02	    1.000000E-03	    9.980000E+02	    1.413318E-01	    1.954057E-02	    2.426652E-01	    2.439883E+03	
   -4.610928E-03	   -1.245522E-04	    5.688261E-01	    1.000000E+00	    2.536213E-02	    1.000000E-03	    9.980000E+02	    1.624142E-01	    1.845659E-02	    1.883875E-01	    1.528453E+03	
   -2.823540E-03	   -1.365620E-04	    5.972810E-01	    1.000000E+00	    2.712950E-02	    1.000000E-03	    9.980000E+02	    1.741966E-01	    1.770593E-02	    1.616481E-01	    1.148910E+03	
   -1.440241E-03	   -1.418925E-04	    6.091674E-01	    1.000000E+00	    2.793389E-02	    1.000000E-03	    9.980000E+02	    1.795593E-01	    1.735087E-02	    1.505940E-01	    1.000804E+03	
   -4.247307E-04	   -1.436041E-04	    6.127593E-01	    1.000000E+00	    2.818841E-02	    1.000000E-03	    9.980000E+02	    1.812561E-01	    1.723835E-02	    1.472556E-01	    9.551693E+02	
    4.247307E-04	   -1.436041E-04	    6.127602E-01	    1.000000E+00	    2.818837E-02	    1.000000E-03	    9.980000E+02	    1.812558E-01	    1.723829E-02	    1.472548E-01	    9.551668E+02	
    1.440241E-03	   -1.418925E-04	    6.091704E-01	    1.000000E+00	    2.793375E-02	    1.000000E-03	    9.980000E+02	    1.795583E-01	    1.735066E-02	    1.505911E-01	    1.000795E+03	
    2.823540E-03	   -1.365620E-04	    5.972872E-01	    1.000000E+00	    2.712920E-02	    1.000000E-03	    9.980000E+02	    1.741947E-01	    1.770549E-02	    1.616420E-01	    1.148893E+03	
    4.610928E-03	   -1.245522E-04	    5.688365E-01	    1.000000E+00	    2.536161E-02	    1.000000E-03	    9.980000E+02	    1.624108E-01	    1.845582E-02	    1.883758E-01	    1.528422E+03	
    6.715278E-03	   -1.030105E-04	    5.125973E-01	    1.000000E+00	    2.219891E-02	    1.000000E-03	    9.980000E+02	    1.413261E-01	    1.953923E-02	    2.426418E-01	    2.439824E+03	
    8.849459E-03	   -7.298626E-05	    4.207915E-01	    1.000000E+00	    1.734928E-02	    1.000000E-03	    9.980000E+02	    1.089952E-01	    2.017190E-02	    3.353198E-01	    4.720022E+03	
    1.060417E-02	   -4.213098E-05	    3.002832E-01	    1.000000E+00	    1.121867E-02	    1.000000E-03	    9.980000E+02	    6.812445E-02	    1.874625E-02	    4.633388E-01	    1.121495E+04	
    1.172564E-02	   -1.949419E-05	    1.745028E-01	    1.000000E+00	    5.322798E-03	    1.000000E-03	    9.980000E+02	    2.881865E-02	    1.407749E-02	    6.176610E-01	    3.228439E+04	
    1.228078E-02	   -7.446983E-06	    7.350291E-02	    1.000000E+00	    1.675279E-03	    1.000000E-03	    9.980000E+02	    4.501863E-03	    7.425987E-03	    1.100245E+00	    9.328092E+04	
    1.250144E-02	   -2.503449E-06	    1.840208E-02	    1.000000E+00	    1.135249E-03	    1.000000E-03	    9.980000E+02	    9.016628E-04	    7.044599E-03	    4.943578E+00	    1.605174E+05	
    1.254936E-02	   -1.418230E-06	    0.000000E+00	    1.000000E+00	    1.000000E-03	    1.000000E-03	    9.980000E+02	    0.000000E+00	    0.000000E+00	    0.000000E+00	    0.000000E+00	
   -1.254960E-02	   -5.553829E-06	    0.000000E+00	    1.000000E+00	    1.000000E-03	    1.000000E-03	    9.980000E+02	    0.000000E+00	    0.000000E+00	    0.000000E+00	    0.000000E+00	
   -1.250185E-02	   -9.803718E-06	    1.971116E-02	    1.000000E+00	    1.129919E-03	    1.000000E-03	    9.980000E+02	    8.661266E-04	    6.499928E-03	    4.381358E+00	    2.246049E+05	
   -1.228197E-02	   -2.916488E-05	    8.042858E-02	    1.000000E+00	    1.804328E-03	    1.000000E-03	    9.980000E+02	    5.362188E-03	    7.867424E-03	    1.036803E+00	    1.403469E+05	
   -1.172861E-02	   -7.635772E-05	    1.824805E-01	    1.000000E+00	    5.471048E-03	    1.000000E-03	    9.980000E+02	    2.980699E-02	    1.435903E-02	    6.213052E-01	    3.753156E+04	
   -1.060998E-02	   -1.650734E-04	    3.091197E-01	    1.000000E+00	    1.130888E-02	    1.000000E-03	    9.980000E+02	    6.872586E-02	    1.884667E-02	    4.642184E-01	    1.191283E+04	
   -8.857852E-03	   -2.860821E-04	    4.310824E-01	    1.000000E+00	    1.738709E-02	    1.000000E-03	    9.980000E+02	    1.092472E-01	    2.012197E-02	    3.328922E-01	    4.900559E+03	
   -6.724270E-03	   -4.039248E-04	    5.243556E-01	    1.000000E+00	    2.218809E-02	    1.000000E-03	    9.980000E+02	    1.412540E-01	    1.937937E-02	    2.388095E-01	    2.523276E+03	
   -4.618396E-03	   -4.885311E-04	    5.816232E-01	    1.000000E+00	    2.531758E-02	    1.000000E-03	    9.980000E+02	    1.621172E-01	    1.822620E-02	    1.840503E-01	    1.584429E+03	
   -2.828555E-03	   -5.357206E-04	    6.106156E-01	    1.000000E+00	    2.707179E-02	    1.000000E-03	    9.980000E+02	    1.738119E-01	    1.743844E-02	    1.571479E-01	    1.194820E+03	
   -1.442899E-03	   -5.566703E-04	    6.227255E-01	    1.000000E+00	    2.787330E-02	    1.000000E-03	    9.980000E+02	    1.791553E-01	    1.706729E-02	    1.460402E-01	    1.042952E+03	
   -4.255241E-04	   -5.633980E-04	    6.263843E-01	    1.000000E+00	    2.812750E-02	    1.000000E-03	    9.980000E+02	    1.808500E-01	    1.694982E-02	    1.426871E-01	    9.961685E+02	
    4.255241E-04	   -5.633980E-04	    6.263852E-01	    1.000000E+00	    2.812745E-02	    1.000000E-03	    9.980000E+02	    1.808497E-01	    1.694975E-02	    1.426862E-01	    9.961661E+02	
    1.442899E-03	   -5.566703E-04	    6.227287E-01	    1.000000E+00	    2.787315E-02	    1.000000E-03	    9.980000E+02	    1.791543E-01	    1.706706E-02	    1.460371E-01	    1.042944E+03	
    2.828555E-03	   -5.357206E-04	    6.106220E-01	    1.000000E+00	    2.707150E-02	    1.000000E-03	    9.980000E+02	    1.738100E-01	    1.743798E-02	    1.571414E-01	    1.194803E+03	
    4.618396E-03	   -4.885311E-04	    5.816341E-01	    1.000000E+00	    2.531706E-02	    1.000000E-03	    9.980000E+02	    1.621137E-01	    1.822540E-02	    1.840379E-01	    1.584397E+03	
    6.724270E-03	   -4.039248E-04	    5.243727E-01	    1.000000E+00	    2.218722E-02	    1.000000E-03	    9.980000E+02	    1.412482E-01	    1.937797E-02	    2.387849E-01	    2.523217E+03	
    8.857852E-03	   -2.860821E-04	    4.311086E-01	    1.000000E+00	    1.738554E-02	    1.000000E-03	    9.980000E+02	    1.092369E-01	    2.011943E-02	    3.328397E-01	    4.900486E+03	
    1.060998E-02	   -1.650734E-04	    3.091593E-01	    1.000000E+00	    1.130562E-02	    1.000000E-03	    9.980000E+02	    6.870412E-02	    1.884159E-02	    4.641147E-01	    1.191390E+04	
    1.172861E-02	   -7.635772E-05	    1.825365E-01	    1.000000E+00	    5.463671E-03	    1.000000E-03	    9.980000E+02	    2.975781E-02	    1.434775E-02	    6.213547E-01	    3.755401E+04	
    1.228197E-02	   -2.916488E-05	    8.054116E-02	    1.000000E+00	    1.797508E-03	    1.000000E-03	    9.980000E+02	    5.316720E-03	    7.851788E-03	    1.041517E+00	    1.403166E+05	
    1.250185E-02	   -9.803718E-06	    2.023371E-02	    1.000000E+00	    1.130687E-03	    1.000000E-03	    9.980000E+02	    8.712498E-04	    6.577050E-03	    4.459567E+00	    2.229946E+05	
    1.254960E-02	   -5.553829E-06	    0.000000E+00	    1.000000E+00	    1.000000E-03	    1.000000E-03	    9.980000E+02	    0.000000E+00	    0.000000E+00	    0.000000E+00	    0.000000E+00	
   -1.255072E-02	   -1.304033E-05	    0.000000E+00	    1.000000E+00	    1.000000E-03	    1.000000E-03	    9.980000E+02	    0.000000E+00	    0.000000E+00	    0.000000E+00	    0.000000E+00	
   -1.250383E-02	   -2.302062E-05	    2.277449E-02	    1.000000E+00	    1.123445E-03	    1.000000E-03	    9.980000E+02	    8.229679E-04	    5.866832E-03	    3.756622E+00	    2.501019E+05	
   -1.228776E-02	   -6.850503E-05	    9.054189E-02	    1.000000E+00	    1.987889E-03	    1.000000E-03	    9.980000E+02	    6.585925E-03	    8.406383E-03	    9.637727E-01	    1.057556E+05	
   -1.174312E-02	   -1.794928E-04	    1.946184E-01	    1.000000E+00	    5.650493E-03	    1.000000E-03	    9.980000E+02	    3.100329E-02	    1.465910E-02	    6.225579E-01	    3.103373E+04	
   -1.063839E-02	   -3.885938E-04	    3.230137E-01	    1.000000E+00	    1.135994E-02	    1.000000E-03	    9.980000E+02	    6.906626E-02	    1.885437E-02	    4.623077E-01	    1.046174E+04	
   -8.899046E-03	   -6.747812E-04	    4.477353E-01	    1.000000E+00	    1.731569E-02	    1.000000E-03	    9.980000E+02	    1.087713E-01	    1.987637E-02	    3.262370E-01	    4.369070E+03	
   -6.768508E-03	   -9.545650E-04	    5.439160E-01	    1.000000E+00	    2.200674E-02	    1.000000E-03	    9.980000E+02	    1.400449E-01	    1.894099E-02	    2.300969E-01	    2.232149E+03	
   -4.655194E-03	   -1.156102E-03	    6.033230E-01	    1.000000E+00	    2.505967E-02	    1.000000E-03	    9.980000E+02	    1.603978E-01	    1.766029E-02	    1.746507E-01	    1.376075E+03	
   -2.853288E-03	   -1.268752E-03	    6.334835E-01	    1.000000E+00	    2.678032E-02	    1.000000E-03	    9.980000E+02	    1.718688E-01	    1.680236E-02	    1.475423E-01	    1.018517E+03	
   -1.456014E-03	   -1.318818E-03	    6.460915E-01	    1.000000E+00	    2.757272E-02	    1.000000E-03	    9.980000E+02	    1.771514E-01	    1.640041E-02	    1.363760E-01	    8.787861E+02	
   -4.294389E-04	   -1.334903E-03	    6.499013E-01	    1.000000E+00	    2.782529E-02	    1.000000E-03	    9.980000E+02	    1.788352E-01	    1.627344E-02	    1.330084E-01	    8.356252E+02	
    4.294389E-04	   -1.334903E-03	    6.499023E-01	    1.000000E+00	    2.782524E-02	    1.000000E-03	    9.980000E+02	    1.788350E-01	    1.627337E-02	    1.330074E-01	    8.356211E+02	
    1.456014E-03	   -1.318818E-03	    6.460949E-01	    1.000000E+00	    2.757257E-02	    1.000000E-03	    9.980000E+02	    1.771505E-01	    1.640017E-02	    1.363727E-01	    8.787718E+02	
    2.853288E-03	   -1.268752E-03	    6.334903E-01	    1.000000E+00	    2.678002E-02	    1.000000E-03	    9.980000E+02	    1.718668E-01	    1.680186E-02	    1.475353E-01	    1.018487E+03	
    4.655194E-03	   -1.156102E-03	    6.033345E-01	    1.000000E+00	    2.505914E-02	    1.000000E-03	    9.980000E+02	    1.603943E-01	    1.765942E-02	    1.746373E-01	    1.376015E+03	
    6.768508E-03	   -9.545650E-04	    5.439343E-01	    1.000000E+00	    2.200586E-02	    1.000000E-03	    9.980000E+02	    1.400390E-01	    1.893949E-02	    2.300702E-01	    2.232018E+03	
    8.899046E-03	   -6.747812E-04	    4.477635E-01	    1.000000E+00	    1.731414E-02	    1.000000E-03	    9.980000E+02	    1.087610E-01	    1.987369E-02	    3.261799E-01	    4.368726E+03	
    1.063839E-02	   -3.885938E-04	    3.230576E-01	    1.000000E+00	    1.135681E-02	    1.000000E-03	    9.980000E+02	    6.904539E-02	    1.884915E-02	    4.621914E-01	    1.046096E+04	
    1.174312E-02	   -1.794928E-04	    1.946861E-01	    1.000000E+00	    5.643793E-03	    1.000000E-03	    9.980000E+02	    3.095862E-02	    1.464809E-02	    6.225199E-01	    3.103471E+04	
    1.228776E-02	   -6.850503E-05	    9.066843E-02	    1.000000E+00	    1.981259E-03	    1.000000E-03	    9.980000E+02	    6.541729E-03	    8.390919E-03	    9.667173E-01	    1.055802E+05	
    1.250383E-02	   -2.302062E-05	    2.320280E-02	    1.000000E+00	    1.124044E-03	    1.000000E-03	    9.980000E+02	    8.269596E-04	    5.923884E-03	    3.811551E+00	    2.496666E+05	
    1.255072E-02	   -1.304033E-05	    0.000000E+00	    1.000000E+00	    1.000000E-03	    1.000000E-03	    9.980000E+02	    0.000000E+00	    0.000000E+00	    0.000000E+00	    0.000000E+00	
   -1.255450E-02	   -2.485779E-05	    0.000000E+00	    1.000000E+00	    1.000000E-03	    1.000000E-03	    9.980000E+02	    0.000000E+00	    0.000000E+00	    0.000000E+00	    0.000000E+00	
   -1.251048E-02	   -4.389254E-05	    2.639097E-02	    1.000000E+00	    1.116328E-03	    1.000000E-03	    9.980000E+02	    7.755180E-04	    5.205472E-03	    3.138350E+00	    2.770603E+05	
   -1.230722E-02	   -1.307533E-04	    1.008525E-01	    1.000000E+00	    2.180056E-03	    1.000000E-03	    9.980000E+02	    7.867039E-03	    8.839813E-03	    8.921707E-01	    7.985586E+04	
   -1.179197E-02	   -3.434734E-04	    2.079334E-01	    1.000000E+00	    5.737138E-03	    1.000000E-03	    9.980000E+02	    3.158092E-02	    1.476324E-02	    6.198859E-01	    2.505332E+04	
   -1.073468E-02	   -7.472257E-04	    3.393012E-01	    1.000000E+00	    1.114729E-02	    1.000000E-03	    9.980000E+02	    6.764860E-02	    1.853463E-02	    4.561230E-01	    8.919687E+03	
   -9.039844E-03	   -1.306241E-03	    4.687630E-01	    1.000000E+00	    1.681763E-02	    1.000000E-03	    9.980000E+02	    1.054509E-01	    1.918192E-02	    3.134057E-01	    3.735724E+03	
   -6.921000E-03	   -1.860049E-03	    5.704174E-01	    1.000000E+00	    2.126705E-02	    1.000000E-03	    9.980000E+02	    1.351137E-01	    1.793901E-02	    2.139294E-01	    1.848392E+03	
   -4.782824E-03	   -2.263527E-03	    6.341879E-01	    1.000000E+00	    2.414980E-02	    1.000000E-03	    9.980000E+02	    1.543320E-01	    1.643426E-02	    1.571872E-01	    1.081701E+03	
   -2.939368E-03	   -2.490737E-03	    6.668611E-01	    1.000000E+00	    2.579106E-02	    1.000000E-03	    9.980000E+02	    1.652737E-01	    1.544472E-02	    1.296371E-01	    7.593130E+02	
   -1.501728E-03	   -2.592111E-03	    6.805714E-01	    1.000000E+00	    2.656020E-02	    1.000000E-03	    9.980000E+02	    1.704013E-01	    1.498304E-02	    1.183314E-01	    6.327133E+02	
   -4.430915E-04	   -2.624731E-03	    6.847189E-01	    1.000000E+00	    2.680824E-02	    1.000000E-03	    9.980000E+02	    1.720549E-01	    1.483738E-02	    1.149266E-01	    5.934038E+02	
    4.430915E-04	   -2.624731E-03	    6.847200E-01	    1.000000E+00	    2.680819E-02	    1.000000E-03	    9.980000E+02	    1.720546E-01	    1.483730E-02	    1.149256E-01	    5.933973E+02	
    1.501728E-03	   -2.592111E-03	    6.805751E-01	    1.000000E+00	    2.656005E-02	    1.000000E-03	    9.980000E+02	    1.704003E-01	    1.498276E-02	    1.183277E-01	    6.326907E+02	
    2.939368E-03	   -2.490737E-03	    6.668686E-01	    1.000000E+00	    2.579075E-02	    1.000000E-03	    9.980000E+02	    1.652717E-01	    1.544416E-02	    1.296293E-01	    7.592647E+02	
    4.782824E-03	   -2.263527E-03	    6.342005E-01	    1.000000E+00	    2.414925E-02	    1.000000E-03	    9.980000E+02	    1.543283E-01	    1.643328E-02	    1.571723E-01	    1.081603E+03	
    6.921000E-03	   -1.860049E-03	    5.704372E-01	    1.000000E+00	    2.126614E-02	    1.000000E-03	    9.980000E+02	    1.351076E-01	    1.793736E-02	    2.138999E-01	    1.848172E+03	
    9.039844E-03	   -1.306241E-03	    4.687935E-01	    1.000000E+00	    1.681610E-02	    1.000000E-03	    9.980000E+02	    1.054407E-01	    1.917906E-02	    3.133426E-01	    3.735089E+03	
    1.073468E-02	   -7.472257E-04	    3.393491E-01	    1.000000E+00	    1.114443E-02	    1.000000E-03	    9.980000E+02	    6.762953E-02	    1.852927E-02	    4.559878E-01	    8.917290E+03	
    1.179197E-02	   -3.434734E-04	    2.080097E-01	    1.000000E+00	    5.731568E-03	    1.000000E-03	    9.980000E+02	    3.154378E-02	    1.475260E-02	    6.197216E-01	    2.504045E+04	
    1.230722E-02	   -1.307533E-04	    1.009811E-01	    1.000000E+00	    2.174266E-03	    1.000000E-03	    9.980000E+02	    7.828440E-03	    8.824890E-03	    8.935450E-01	    7.966489E+04	
    1.251048E-02	   -4.389254E-05	    2.669846E-02	    1.000000E+00	    1.116703E-03	    1.000000E-03	    9.980000E+02	    7.780188E-04	    5.239097E-03	    3.168808E+00	    2.778734E+05	
    1.255450E-02	   -2.485779E-05	    0.000000E+00	    1.000000E+00	    1.000000E-03	    1.000000E-03	    9.980000E+02	    0.000000E+00	    0.000000E+00	    0.000000E+00	    0.000000E+00	
   -1.256347E-02	   -3.957324E-05	    0.000000E+00	    1.000000E+00	    1.000000E-03	    1.000000E-03	    9.980000E+02	    0.000000E+00	    0.000000E+00	    0.000000E+00	    0.000000E+00	
   -1.252626E-02	   -6.991452E-05	    2.779834E-02	    1.000000E+00	    1.109489E-03	    1.000000E-03	    9.980000E+02	    7.299289E-04	    4.602353E-03	    2.606468E+00	    2.872070E+05	
   -1.235359E-02	   -2.087925E-04	    1.043610E-01	    1.000000E+00	    2.242384E-03	    1.000000E-03	    9.980000E+02	    8.282562E-03	    8.832086E-03	    8.459310E-01	    7.374192E+04	
   -1.190938E-02	   -5.518551E-04	    2.134184E-01	    1.000000E+00	    5.444896E-03	    1.000000E-03	    9.980000E+02	    2.963264E-02	    1.440914E-02	    6.293309E-01	    2.320954E+04	
   -1.096995E-02	   -1.214777E-03	    3.478421E-01	    1.000000E+00	    1.023538E-02	    1.000000E-03	    9.980000E+02	    6.156918E-02	    1.772460E-02	    4.583134E-01	    8.284051E+03	
   -9.391968E-03	   -2.158978E-03	    4.837630E-01	    1.000000E+00	    1.531106E-02	    1.000000E-03	    9.980000E+02	    9.540707E-02	    1.795965E-02	    3.036603E-01	    3.341420E+03	
   -7.311334E-03	   -3.125945E-03	    5.944203E-01	    1.000000E+00	    1.927172E-02	    1.000000E-03	    9.980000E+02	    1.218115E-01	    1.631323E-02	    1.962297E-01	    1.506435E+03	
   -5.115146E-03	   -3.851133E-03	    6.663383E-01	    1.000000E+00	    2.179519E-02	    1.000000E-03	    9.980000E+02	    1.386346E-01	    1.444523E-02	    1.351919E-01	    7.556159E+02	
   -3.165681E-03	   -4.267469E-03	    7.040651E-01	    1.000000E+00	    2.325552E-02	    1.000000E-03	    9.980000E+02	    1.483702E-01	    1.321314E-02	    1.056911E-01	    4.400655E+02	
   -1.622436E-03	   -4.455116E-03	    7.200654E-01	    1.000000E+00	    2.397047E-02	    1.000000E-03	    9.980000E+02	    1.531365E-01	    1.263493E-02	    9.363540E-02	    3.162898E+02	
   -4.791917E-04	   -4.515749E-03	    7.249223E-01	    1.000000E+00	    2.420855E-02	    1.000000E-03	    9.980000E+02	    1.547237E-01	    1.245206E-02	    9.001170E-02	    2.778759E+02	
    4.791917E-04	   -4.515749E-03	    7.249236E-01	    1.000000E+00	    2.420851E-02	    1.000000E-03	    9.980000E+02	    1.547234E-01	    1.245198E-02	    9.001060E-02	    2.778668E+02	
    1.622436E-03	   -4.455116E-03	    7.200695E-01	    1.000000E+00	    2.397030E-02	    1.000000E-03	    9.980000E+02	    1.531353E-01	    1.263463E-02	    9.363161E-02	    3.162583E+02	
    3.165681E-03	   -4.267469E-03	    7.040733E-01	    1.000000E+00	    2.325516E-02	    1.000000E-03	    9.980000E+02	    1.483677E-01	    1.321253E-02	    1.056831E-01	    4.399985E+02	
    5.115146E-03	   -3.851133E-03	    6.663520E-01	    1.000000E+00	    2.179454E-02	    1.000000E-03	    9.980000E+02	    1.386303E-01	    1.444419E-02	    1.351766E-01	    7.554849E+02	
    7.311334E-03	   -3.125945E-03	    5.944414E-01	    1.000000E+00	    1.927071E-02	    1.000000E-03	    9.980000E+02	    1.218047E-01	    1.631153E-02	    1.961998E-01	    1.506158E+03	
    9.391968E-03	   -2.158978E-03	    4.837946E-01	    1.000000E+00	    1.530954E-02	    1.000000E-03	    9.980000E+02	    9.539695E-02	    1.795681E-02	    3.035967E-01	    3.340694E+03	
    1.096995E-02	   -1.214777E-03	    3.478903E-01	    1.000000E+00	    1.023294E-02	    1.000000E-03	    9.980000E+02	    6.155291E-02	    1.771953E-02	    4.581721E-01	    8.281581E+03	
    1.190938E-02	   -5.518551E-04	    2.134919E-01	    1.000000E+00	    5.440800E-03	    1.000000E-03	    9.980000E+02	    2.960534E-02	    1.439958E-02	    6.290752E-01	    2.319921E+04	
    1.235359E-02	   -2.087925E-04	    1.044698E-01	    1.000000E+00	    2.238149E-03	    1.000000E-03	    9.980000E+02	    8.254323E-03	    8.818605E-03	    8.462357E-01	    7.366769E+04	
    1.252626E-02	   -6.991452E-05	    2.799142E-02	    1.000000E+00	    1.109674E-03	    1.000000E-03	    9.980000E+02	    7.311581E-04	    4.617868E-03	    2.619659E+00	    2.886962E+05	
    1.256347E-02	   -3.957324E-05	    0.000000E+00	    1.000000E+00	    1.000000E-03	    1.000000E-03	    9.980000E+02	    0.000000E+00	    0.000000E+00	    0.000000E+00	    0.000000E+00	
   -1.257789E-02	   -5.247990E-05	    0.000000E+00	    1.000000E+00	    1.000000E-03	    1.000000E-03	    9.980000E+02	    0.000000E+00	    0.000000E+00	    0.000000E+00	    0.000000E+00	
   -1.255168E-02	   -9.279855E-05	    2.388882E-02	    1.000000E+00	    1.100597E-03	    1.000000E-03	    9.980000E+02	    6.706495E-04	    3.872855E-03	    2.008815E+00	    2.618909E+05	
   -1.242877E-02	   -2.782550E-04	    9.423320E-02	    1.000000E+00	    2.048177E-03	    1.000000E-03	    9.980000E+02	    6.987848E-03	    8.132289E-03	    8.500711E-01	    9.580180E+04	
   -1.210288E-02	   -7.428785E-04	    2.001317E-01	    1.000000E+00	    4.566491E-03	    1.000000E-03	    9.980000E+02	    2.377661E-02	    1.353565E-02	    6.921199E-01	    3.077565E+04	
   -1.137010E-02	   -1.667822E-03	    3.338093E-01	    1.000000E+00	    8.345348E-03	    1.000000E-03	    9.980000E+02	    4.896899E-02	    1.667037E-02	    5.097325E-01	    1.064431E+04	
   -1.001861E-02	   -3.050651E-03	    4.745682E-01	    1.000000E+00	    1.241788E-02	    1.000000E-03	    9.980000E+02	    7.611919E-02	    1.678150E-02	    3.323078E-01	    4.109780E+03	
   -8.039400E-03	   -4.553041E-03	    5.959857E-01	    1.000000E+00	    1.553260E-02	    1.000000E-03	    9.980000E+02	    9.688403E-02	    1.489208E-02	    2.056040E-01	    1.697083E+03	
   -5.757523E-03	   -5.741949E-03	    6.801207E-01	    1.000000E+00	    1.731121E-02	    1.000000E-03	    9.980000E+02	    1.087414E-01	    1.262107E-02	    1.315741E-01	    6.873738E+02	
   -3.612280E-03	   -6.450269E-03	    7.265890E-01	    1.000000E+00	    1.823890E-02	    1.000000E-03	    9.980000E+02	    1.149260E-01	    1.102174E-02	    9.494134E-02	    2.439719E+02	
   -1.862877E-03	   -6.775931E-03	    7.468469E-01	    1.000000E+00	    1.870843E-02	    1.000000E-03	    9.980000E+02	    1.180562E-01	    1.024195E-02	    7.980859E-02	    6.436529E+01	
   -5.513188E-04	   -6.882029E-03	    7.530590E-01	    1.000000E+00	    1.887606E-02	    1.000000E-03	    9.980000E+02	    1.191737E-01	    9.991471E-03	    7.524045E-02	    8.553656E+00	
    5.513188E-04	   -6.882029E-03	    7.530603E-01	    1.000000E+00	    1.887598E-02	    1.000000E-03	    9.980000E+02	    1.191732E-01	    9.991386E-03	    7.523950E-02	    8.542597E+00	
    1.862877E-03	   -6.775931E-03	    7.468512E-01	    1.000000E+00	    1.870815E-02	    1.000000E-03	    9.980000E+02	    1.180544E-01	    1.024166E-02	    7.980533E-02	    6.432803E+01	
    3.612280E-03	   -6.450269E-03	    7.265976E-01	    1.000000E+00	    1.823837E-02	    1.000000E-03	    9.980000E+02	    1.149224E-01	    1.102118E-02	    9.493460E-02	    2.439001E+02	
    5.757523E-03	   -5.741949E-03	    6.801346E-01	    1.000000E+00	    1.731037E-02	    1.000000E-03	    9.980000E+02	    1.087358E-01	    1.262015E-02	    1.315617E-01	    6.872589E+02	
    8.039400E-03	   -4.553041E-03	    5.960061E-01	    1.000000E+00	    1.553149E-02	    1.000000E-03	    9.980000E+02	    9.687658E-02	    1.489066E-02	    2.055807E-01	    1.696908E+03	
    1.001861E-02	   -3.050651E-03	    4.745973E-01	    1.000000E+00	    1.241645E-02	    1.000000E-03	    9.980000E+02	    7.610969E-02	    1.677924E-02	    3.322598E-01	    4.109509E+03	
    1.137010E-02	   -1.667822E-03	    3.338512E-01	    1.000000E+00	    8.343453E-03	    1.000000E-03	    9.980000E+02	    4.895636E-02	    1.666642E-02	    5.096223E-01	    1.064434E+04	
    1.210288E-02	   -7.428785E-04	    2.001898E-01	    1.000000E+00	    4.563867E-03	    1.000000E-03	    9.980000E+02	    2.375911E-02	    1.352814E-02	    6.918614E-01	    3.078374E+04	
    1.242877E-02	   -2.782550E-04	    9.430696E-02	    1.000000E+00	    2.045640E-03	    1.000000E-03	    9.980000E+02	    6.970934E-03	    8.121023E-03	    8.497742E-01	    9.588924E+04	
    1.255168E-02	   -9.279855E-05	    2.400033E-02	    1.000000E+00	    1.100684E-03	    1.000000E-03	    9.980000E+02	    6.712292E-04	    3.879554E-03	    2.014030E+00	    2.633341E+05	
    1.257789E-02	   -5.247990E-05	    0.000000E+00	    1.000000E+00	    1.000000E-03	    1.000000E-03	    9.980000E+02	    0.000000E+00	    0.000000E+00	    0.000000E+00	    0.000000E+00	
   -1.259354E-02	   -5.977442E-05	    0.000000E+00	    1.000000E+00	    1.000000E-03	    1.000000E-03	    9.980000E+02	    0.000000E+00	    0.000000E+00	    0.000000E+00	    0.000000E+00	
   -1.257933E-02	   -1.057983E-04	    1.607027E-02	    1.000000E+00	    1.089489E-03	    1.000000E-03	    9.980000E+02	    5.965940E-04	    3.054235E-03	    1.404427E+00	    2.101630E+05	
   -1.251121E-02	   -3.186372E-04	    7.104692E-02	    1.000000E+00	    1.628707E-03	    1.000000E-03	    9.980000E+02	    4.191380E-03	    6.654195E-03	    9.488709E-01	    1.612749E+05	
   -1.231960E-02	   -8.602173E-04	    1.651019E-01	    1.000000E+00	    3.311468E-03	    1.000000E-03	    9.980000E+02	    1.540979E-02	    1.210150E-02	    8.536001E-01	    6.110010E+04	
   -1.183763E-02	   -1.975297E-03	    2.893530E-01	    1.000000E+00	    5.916032E-03	    1.000000E-03	    9.980000E+02	    3.277355E-02	    1.562213E-02	    6.688524E-01	    2.180252E+04	
   -1.079873E-02	   -3.740588E-03	    4.265557E-01	    1.000000E+00	    8.832976E-03	    1.000000E-03	    9.980000E+02	    5.221984E-02	    1.636785E-02	    4.608091E-01	    8.762833E+03	
   -9.010956E-03	   -5.805386E-03	    5.525981E-01	    1.000000E+00	    1.113231E-02	    1.000000E-03	    9.980000E+02	    6.754870E-02	    1.502523E-02	    3.001915E-01	    4.008217E+03	
   -6.663598E-03	   -7.559876E-03	    6.465959E-01	    1.000000E+00	    1.227918E-02	    1.000000E-03	    9.980000E+02	    7.519451E-02	    1.294540E-02	    2.001788E-01	    2.057897E+03	
   -4.263522E-03	   -8.660583E-03	    7.023765E-01	    1.000000E+00	    1.258575E-02	    1.000000E-03	    9.980000E+02	    7.723832E-02	    1.125758E-02	    1.473773E-01	    1.190552E+03	
   -2.218924E-03	   -9.181411E-03	    7.279172E-01	    1.000000E+00	    1.263108E-02	    1.000000E-03	    9.980000E+02	    7.754051E-02	    1.036761E-02	    1.245093E-01	    8.248031E+02	
   -6.586621E-04	   -9.353167E-03	    7.359386E-01	    1.000000E+00	    1.263831E-02	    1.000000E-03	    9.980000E+02	    7.758874E-02	    1.007028E-02	    1.173971E-01	    7.075293E+02	
    6.586621E-04	   -9.353167E-03	    7.359397E-01	    1.000000E+00	    1.263824E-02	    1.000000E-03	    9.980000E+02	    7.758828E-02	    1.007023E-02	    1.173967E-01	    7.075292E+02	
    2.218924E-03	   -9.181411E-03	    7.279209E-01	    1.000000E+00	    1.263085E-02	    1.000000E-03	    9.980000E+02	    7.753899E-02	    1.036745E-02	    1.245079E-01	    8.248058E+02	
    4.263522E-03	   -8.660583E-03	    7.023836E-01	    1.000000E+00	    1.258533E-02	    1.000000E-03	    9.980000E+02	    7.723553E-02	    1.125728E-02	    1.473746E-01	    1.190572E+03	
    6.663598E-03	   -7.559876E-03	    6.466070E-01	    1.000000E+00	    1.227857E-02	    1.000000E-03	    9.980000E+02	    7.519050E-02	    1.294492E-02	    2.001746E-01	    2.057980E+03	
    9.010956E-03	   -5.805386E-03	    5.526138E-01	    1.000000E+00	    1.113154E-02	    1.000000E-03	    9.980000E+02	    6.754359E-02	    1.502449E-02	    3.001846E-01	    4.008506E+03	
    1.079873E-02	   -3.740588E-03	    4.265775E-01	    1.000000E+00	    8.832033E-03	    1.000000E-03	    9.980000E+02	    5.221355E-02	    1.636660E-02	    4.607937E-01	    8.763968E+03	
    1.183763E-02	   -1.975297E-03	    2.893826E-01	    1.000000E+00	    5.914876E-03	    1.000000E-03	    9.980000E+02	    3.276584E-02	    1.561969E-02	    6.688008E-01	    2.180845E+04	
    1.231960E-02	   -8.602173E-04	    1.651383E-01	    1.000000E+00	    3.310070E-03	    1.000000E-03	    9.980000E+02	    1.540047E-02	    1.209615E-02	    8.533617E-01	    6.113968E+04	
    1.251121E-02	   -3.186372E-04	    7.108617E-02	    1.000000E+00	    1.627498E-03	    1.000000E-03	    9.980000E+02	    4.183322E-03	    6.645029E-03	    9.480810E-01	    1.615074E+05	
    1.257933E-02	   -1.057983E-04	    1.613129E-02	    1.000000E+00	    1.089546E-03	    1.000000E-03	    9.980000E+02	    5.969734E-04	    3.058120E-03	    1.407107E+00	    2.113296E+05	
    1.259354E-02	   -5.977442E-05	    0.000000E+00	    1.000000E+00	    1.000000E-03	    1.000000E-03	    9.980000E+02	    0.000000E+00	    0.000000E+00	    0.000000E+00	    0.000000E+00	
   -1.260575E-02	   -6.222240E-05	    0.000000E+00	    1.000000E+00	    1.000000E-03	    1.000000E-03	    9.980000E+02	    0.000000E+00	    0.000000E+00	    0.000000E+00	    0.000000E+00	
   -1.260093E-02	   -1.102134E-04	    8.713279E-03	    1.000000E+00	    1.080628E-03	    1.000000E-03	    9.980000E+02	    5.375213E-04	    2.472692E-03	    1.021686E+00	    1.632248E+05	
   -1.257614E-02	   -3.330851E-04	    4.262269E-02	    1.000000E+00	    1.208853E-03	    1.000000E-03	    9.980000E+02	    1.392353E-03	    4.475785E-03	    1.292296E+00	    2.747681E+05	
   -1.249376E-02	   -9.072254E-04	    1.152773E-01	    1.000000E+00	    2.119070E-03	    1.000000E-03	    9.980000E+02	    7.460469E-03	    9.805553E-03	    1.157580E+00	    1.581406E+05	
   -1.222908E-02	   -2.122129E-03	    2.200685E-01	    1.000000E+00	    3.716232E-03	    1.000000E-03	    9.980000E+02	    1.810822E-02	    1.413417E-02	    9.909189E-01	    6.415348E+04	
   -1.149555E-02	   -4.141019E-03	    3.417294E-01	    1.000000E+00	    5.694225E-03	    1.000000E-03	    9.980000E+02	    3.129483E-02	    1.631935E-02	    7.643743E-01	    2.659880E+04	
   -9.946702E-03	   -6.664227E-03	    4.597318E-01	    1.000000E+00	    7.568040E-03	    1.000000E-03	    9.980000E+02	    4.378693E-02	    1.651692E-02	    5.596112E-01	    1.277533E+04	
   -7.593907E-03	   -8.959457E-03	    5.524042E-01	    1.000000E+00	    8.819284E-03	    1.000000E-03	    9.980000E+02	    5.212856E-02	    1.561229E-02	    4.199819E-01	    7.489126E+03	
   -4.959569E-03	   -1.047691E-02	    6.096358E-01	    1.000000E+00	    9.330416E-03	    1.000000E-03	    9.980000E+02	    5.553611E-02	    1.456279E-02	    3.429941E-01	    5.423354E+03	
   -2.606770E-03	   -1.121709E-02	    6.364276E-01	    1.000000E+00	    9.499859E-03	    1.000000E-03	    9.980000E+02	    5.666573E-02	    1.395470E-02	    3.086693E-01	    4.622048E+03	
   -7.763282E-04	   -1.146441E-02	    6.449381E-01	    1.000000E+00	    9.546969E-03	    1.000000E-03	    9.980000E+02	    5.697979E-02	    1.374148E-02	    2.976592E-01	    4.373385E+03	
    7.763282E-04	   -1.146441E-02	    6.449387E-01	    1.000000E+00	    9.546953E-03	    1.000000E-03	    9.980000E+02	    5.697969E-02	    1.374148E-02	    2.976597E-01	    4.373407E+03	
    2.606770E-03	   -1.121709E-02	    6.364297E-01	    1.000000E+00	    9.499805E-03	    1.000000E-03	    9.980000E+02	    5.666536E-02	    1.395470E-02	    3.086712E-01	    4.622127E+03	
    4.959569E-03	   -1.047691E-02	    6.096399E-01	    1.000000E+00	    9.330310E-03	    1.000000E-03	    9.980000E+02	    5.553540E-02	    1.456278E-02	    3.429981E-01	    5.423530E+03	
    7.593907E-03	   -8.959457E-03	    5.524106E-01	    1.000000E+00	    8.819110E-03	    1.000000E-03	    9.980000E+02	    5.212740E-02	    1.561226E-02	    4.199895E-01	    7.489514E+03	
    9.946702E-03	   -6.664227E-03	    4.597409E-01	    1.000000E+00	    7.567776E-03	    1.000000E-03	    9.980000E+02	    4.378518E-02	    1.651679E-02	    5.596249E-01	    1.277637E+04	
    1.149555E-02	   -4.141019E-03	    3.417418E-01	    1.000000E+00	    5.693851E-03	    1.000000E-03	    9.980000E+02	    3.129234E-02	    1.631891E-02	    7.643943E-01	    2.660250E+04	
    1.222908E-02	   -2.122129E-03	    2.200845E-01	    1.000000E+00	    3.715746E-03	    1.000000E-03	    9.980000E+02	    1.810497E-02	    1.413284E-02	    9.909095E-01	    6.417060E+04	
    1.249376E-02	   -9.072254E-04	    1.152940E-01	    1.000000E+00	    2.118505E-03	    1.000000E-03	    9.980000E+02	    7.456698E-03	    9.801669E-03	    1.157248E+00	    1.582250E+05	
    1.257614E-02	   -3.330851E-04	    4.263840E-02	    1.000000E+00	    1.208444E-03	    1.000000E-03	    9.980000E+02	    1.389627E-03	    4.468689E-03	    1.290729E+00	    2.750661E+05	
    1.260093E-02	   -1.102134E-04	    8.744041E-03	    1.000000E+00	    1.080683E-03	    1.000000E-03	    9.980000E+02	    5.378851E-04	    2.476039E-03	    1.023761E+00	    1.642238E+05	
    1.260575E-02	   -6.222240E-05	    0.000000E+00	    1.000000E+00	    1.000000E-03	    1.000000E-03	    9.980000E+02	    0.000000E+00	    0.000000E+00	    0.000000E+00	    0.000000E+00	
   -1.261335E-02	   -6.250556E-05	    0.000000E+00	    1.000000E+00	    1.000000E-03	    1.000000E-03	    9.980000E+02	    0.000000E+00	    0.000000E+00	    0.000000E+00	    0.000000E+00	
   -1.261440E-02	   -1.107665E-04	    3.847382E-03	    1.000000E+00	    1.075892E-03	    1.000000E-03	    9.980000E+02	    5.059461E-04	    2.187063E-03	    8.491637E-01	    1.476252E+05	
   -1.261685E-02	   -3.354816E-04	    1.912275E-02	    1.000000E+00	    1.035345E-03	    1.000000E-03	    9.980000E+02	    2.356338E-04	    2.559665E-03	    2.497478E+00	    3.715567E+05	
   -1.260452E-02	   -9.188790E-04	    6.061224E-02	    1.000000E+00	    1.289415E-03	    1.000000E-03	    9.980000E+02	    1.929431E-03	    6.265317E-03	    1.827385E+00	    3.648582E+05	
   -1.248571E-02	   -2.175211E-03	    1.357919E-01	    1.000000E+00	    2.052529E-03	    1.000000E-03	    9.980000E+02	    7.016863E-03	    1.099551E-02	    1.547607E+00	    2.235786E+05	
   -1.197588E-02	   -4.331068E-03	    2.350637E-01	    1.000000E+00	    3.363419E-03	    1.000000E-03	    9.980000E+02	    1.575613E-02	    1.533523E-02	    1.340615E+00	    1.160318E+05	
   -1.063303E-02	   -7.152170E-03	    3.398433E-01	    1.000000E+00	    4.980214E-03	    1.000000E-03	    9.980000E+02	    2.653476E-02	    1.809265E-02	    1.108057E+00	    6.211120E+04	
   -8.315504E-03	   -9.849520E-03	    4.266999E-01	    1.000000E+00	    6.382236E-03	    1.000000E-03	    9.980000E+02	    3.588158E-02	    1.910923E-02	    9.140880E-01	    3.892408E+04	
   -5.519676E-03	   -1.170612E-02	    4.811002E-01	    1.000000E+00	    7.139254E-03	    1.000000E-03	    9.980000E+02	    4.092836E-02	    1.912248E-02	    8.024858E-01	    2.974305E+04	
   -2.924499E-03	   -1.263395E-02	    5.068577E-01	    1.000000E+00	    7.480422E-03	    1.000000E-03	    9.980000E+02	    4.320281E-02	    1.899782E-02	    7.503580E-01	    2.624511E+04	
   -8.732986E-04	   -1.294730E-02	    5.151001E-01	    1.000000E+00	    7.589079E-03	    1.000000E-03	    9.980000E+02	    4.392719E-02	    1.893201E-02	    7.328799E-01	    2.516668E+04	
    8.732986E-04	   -1.294730E-02	    5.151005E-01	    1.000000E+00	    7.589079E-03	    1.000000E-03	    9.980000E+02	    4.392719E-02	    1.893202E-02	    7.328815E-01	    2.516673E+04	
    2.924499E-03	   -1.263395E-02	    5.068589E-01	    1.000000E+00	    7.480421E-03	    1.000000E-03	    9.980000E+02	    4.320280E-02	    1.899788E-02	    7.503633E-01	    2.624529E+04	
    5.519676E-03	   -1.170612E-02	    4.811026E-01	    1.000000E+00	    7.139249E-03	    1.000000E-03	    9.980000E+02	    4.092833E-02	    1.912261E-02	    8.024968E-01	    2.974348E+04	
    8.315504E-03	   -9.849520E-03	    4.267036E-01	    1.000000E+00	    6.382221E-03	    1.000000E-03	    9.980000E+02	    3.588148E-02	    1.910942E-02	    9.141083E-01	    3.892506E+04	
    1.063303E-02	   -7.152170E-03	    3.398482E-01	    1.000000E+00	    4.980174E-03	    1.000000E-03	    9.980000E+02	    2.653450E-02	    1.809284E-02	    1.108092E+00	    6.211391E+04	
    1.197588E-02	   -4.331068E-03	    2.350694E-01	    1.000000E+00	    3.363339E-03	    1.000000E-03	    9.980000E+02	    1.575560E-02	    1.533522E-02	    1.340658E+00	    1.160409E+05	
    1.248571E-02	   -2.175211E-03	    1.357977E-01	    1.000000E+00	    2.052407E-03	    1.000000E-03	    9.980000E+02	    7.016044E-03	    1.099471E-02	    1.547562E+00	    2.236123E+05	
    1.260452E-02	   -9.188790E-04	    6.061658E-02	    1.000000E+00	    1.289269E-03	    1.000000E-03	    9.980000E+02	    1.928459E-03	    6.262535E-03	    1.826682E+00	    3.649609E+05	
    1.261685E-02	   -3.354816E-04	    1.912813E-02	    1.000000E+00	    1.035284E-03	    1.000000E-03	    9.980000E+02	    2.352242E-04	    2.555846E-03	    2.494367E+00	    3.718177E+05	
    1.261440E-02	   -1.107665E-04	    3.860768E-03	    1.000000E+00	    1.075951E-03	    1.000000E-03	    9.980000E+02	    5.063369E-04	    2.190444E-03	    8.511334E-01	    1.486204E+05	
    1.261335E-02	   -6.250556E-05	    0.000000E+00	    1.000000E+00	    1.000000E-03	    1.000000E-03	    9.980000E+02	    0.000000E+00	    0.000000E+00	    0.000000E+00	    0.000000E+00	
   -1.261751E-02	   -6.226860E-05	    0.000000E+00	    1.000000E+00	    1.000000E-03	    1.000000E-03	    9.980000E+02	    0.000000E+00	    0.000000E+00	    0.000000E+00	    0.000000E+00	
   -1.262177E-02	   -1.103747E-04	    1.005265E-03	    1.000000E+00	    1.003830E-03	    1.000000E-03	    9.980000E+02	    2.553113E-05	    2.030717E-03	    1.450781E+01	    1.537093E+05	
   -1.263920E-02	   -3.346915E-04	    4.976236E-03	    1.000000E+00	    1.012604E-03	    1.000000E-03	    9.980000E+02	    8.402926E-05	    2.391355E-03	    6.112666E+00	    4.108343E+05	
   -1.266587E-02	   -9.195476E-04	    1.705254E-02	    1.000000E+00	    1.044991E-03	    1.000000E-03	    9.980000E+02	    2.999404E-04	    4.032131E-03	    4.868636E+00	    5.766102E+05	
   -1.263053E-02	   -2.191377E-03	    4.568693E-02	    1.000000E+00	    1.125625E-03	    1.000000E-03	    9.980000E+02	    8.375027E-04	    5.522702E-03	    3.271071E+00	    5.820306E+05	
   -1.225566E-02	   -4.413995E-03	    9.806716E-02	    1.000000E+00	    1.278547E-03	    1.000000E-03	    9.980000E+02	    1.856983E-03	    6.665178E-03	    2.148764E+00	    5.146862E+05	
   -1.104959E-02	   -7.401749E-03	    1.693913E-01	    1.000000E+00	    1.488952E-03	    1.000000E-03	    9.980000E+02	    3.259683E-03	    7.263967E-03	    1.453936E+00	    4.516669E+05	
   -8.770861E-03	   -1.034609E-02	    2.377926E-01	    1.000000E+00	    1.690828E-03	    1.000000E-03	    9.980000E+02	    4.605518E-03	    7.381593E-03	    1.062661E+00	    4.076133E+05	
   -5.882655E-03	   -1.242453E-02	    2.831048E-01	    1.000000E+00	    1.845895E-03	    1.000000E-03	    9.980000E+02	    5.639302E-03	    7.644907E-03	    9.308765E-01	    3.802787E+05	
   -3.133147E-03	   -1.347956E-02	    3.052454E-01	    1.000000E+00	    1.923591E-03	    1.000000E-03	    9.980000E+02	    6.157272E-03	    7.727864E-03	    8.711715E-01	    3.675019E+05	
   -9.372626E-04	   -1.383838E-02	    3.124726E-01	    1.000000E+00	    1.949729E-03	    1.000000E-03	    9.980000E+02	    6.331526E-03	    7.748044E-03	    8.516258E-01	    3.629230E+05	
    9.372626E-04	   -1.383838E-02	    3.124728E-01	    1.000000E+00	    1.949729E-03	    1.000000E-03	    9.980000E+02	    6.331529E-03	    7.748051E-03	    8.516270E-01	    3.629236E+05	
    3.133147E-03	   -1.347956E-02	    3.052461E-01	    1.000000E+00	    1.923592E-03	    1.000000E-03	    9.980000E+02	    6.157281E-03	    7.727887E-03	    8.711754E-01	    3.675037E+05	
    5.882655E-03	   -1.242453E-02	    2.831061E-01	    1.000000E+00	    1.845898E-03	    1.000000E-03	    9.980000E+02	    5.639318E-03	    7.644949E-03	    9.308843E-01	    3.802824E+05	
    8.770861E-03	   -1.034609E-02	    2.377945E-01	    1.000000E+00	    1.690830E-03	    1.000000E-03	    9.980000E+02	    4.605534E-03	    7.381645E-03	    1.062672E+00	    4.076201E+05	
    1.104959E-02	   -7.401749E-03	    1.693933E-01	    1.000000E+00	    1.488954E-03	    1.000000E-03	    9.980000E+02	    3.259694E-03	    7.264016E-03	    1.453951E+00	    4.516786E+05	
    1.225566E-02	   -4.413995E-03	    9.806871E-02	    1.000000E+00	    1.278547E-03	    1.000000E-03	    9.980000E+02	    1.856980E-03	    6.665156E-03	    2.148753E+00	    5.147074E+05	
    1.263053E-02	   -2.191377E-03	    4.568796E-02	    1.000000E+00	    1.125622E-03	    1.000000E-03	    9.980000E+02	    8.374810E-04	    5.522415E-03	    3.270816E+00	    5.820713E+05	
    1.266587E-02	   -9.195476E-04	    1.705317E-02	    1.000000E+00	    1.044985E-03	    1.000000E-03	    9.980000E+02	    2.999021E-04	    4.031102E-03	    4.866773E+00	    5.766788E+05	
    1.263920E-02	   -3.346915E-04	    4.977544E-03	    1.000000E+00	    1.012599E-03	    1.000000E-03	    9.980000E+02	    8.399630E-05	    2.389480E-03	    6.105476E+00	    4.110601E+05	
    1.262177E-02	   -1.103747E-04	    1.008762E-03	    1.000000E+00	    1.003833E-03	    1.000000E-03	    9.980000E+02	    2.555315E-05	    2.034221E-03	    1.454537E+01	    1.547775E+05	
    1.261751E-02	   -6.226860E-05	    0.000000E+00	    1.000000E+00	    1.000000E-03	    1.000000E-03	    9.980000E+02	    0.000000E+00	    0.000000E+00	    0.000000E+00	    0.000000E+00	
   -1.261892E-02	   -6.212388E-05	    0.000000E+00	    1.000000E+00	    1.000000E-03	    1.000000E-03	    9.980000E+02	    0.000000E+00	    0.000000E+00	    0.000000E+00	    0.000000E+00	
   -1.262428E-02	   -1.101277E-04	    0.000000E+00	    1.000000E+00	    1.000000E-03	    1.000000E-03	    9.980000E+02	    0.000000E+00	    0.000000E+00	    0.000000E+00	    0.000000E+00	
   -1.264684E-02	   -3.340780E-04	    0.000000E+00	    1.000000E+00	    1.000000E-03	    1.000000E-03	    9.980000E+02	    0.000000E+00	    0.000000E+00	    0.000000E+00	    0.000000E+00	
   -1.268693E-02	   -9.188330E-04	    0.000000E+00	    1.000000E+00	    1.000000E-03	    1.000000E-03	    9.980000E+02	    0.000000E+00	    0.000000E+00	    0.000000E+00	    0.000000E+00	
   -1.268070E-02	   -2.194722E-03	    0.000000E+00	    1.000000E+00	    1.000000E-03	    1.000000E-03	    9.980000E+02	    0.000000E+00	    0.000000E+00	    0.000000E+00	    0.000000E+00	
   -1.235412E-02	   -4.438617E-03	    0.000000E+00	    1.000000E+00	    1.000000E-03	    1.000000E-03	    9.980000E+02	    0.000000E+00	    0.000000E+00	    0.000000E+00	    0.000000E+00	
   -1.119926E-02	   -7.483731E-03	    0.000000E+00	    1.000000E+00	    1.000000E-03	    1.000000E-03	    9.980000E+02	    0.000000E+00	    0.000000E+00	    0.000000E+00	    0.000000E+00	
   -8.937824E-03	   -1.051735E-02	    0.000000E+00	    1.000000E+00	    1.000000E-03	    1.000000E-03	    9.980000E+02	    0.000000E+00	    0.000000E+00	    0.000000E+00	    0.000000E+00	
   -6.017650E-03	   -1.267868E-02	    0.000000E+00	    1.000000E+00	    1.000000E-03	    1.000000E-03	    9.980000E+02	    0.000000E+00	    0.000000E+00	    0.000000E+00	    0.000000E+00	
   -3.211304E-03	   -1.378215E-02	    0.000000E+00	    1.000000E+00	    1.000000E-03	    1.000000E-03	    9.980000E+02	    0.000000E+00	    0.000000E+00	    0.000000E+00	    0.000000E+00	
   -9.612812E-04	   -1.415843E-02	    0.000000E+00	    1.000000E+00	    1.000000E-03	    1.000000E-03	    9.980000E+02	    0.000000E+00	    0.000000E+00	    0.000000E+00	    0.000000E+00	
    9.612812E-04	   -1.415843E-02	    0.000000E+00	    1.000000E+00	    1.000000E-03	    1.000000E-03	    9.980000E+02	    0.000000E+00	    0.000000E+00	    0.000000E+00	    0.000000E+00	
    3.211304E-03	   -1.378215E-02	    0.000000E+00	    1.000000E+00	    1.000000E-03	    1.000000E-03	    9.980000E+02	    0.000000E+00	    0.000000E+00	    0.000000E+00	    0.000000E+00	
    6.017650E-03	   -1.267868E-02	    0.000000E+00	    1.000000E+00	    1.000000E-03	    1.000000E-03	    9.980000E+02	    0.000000E+00	    0.000000E+00	    0.000000E+00	    0.000000E+00	
    8.937824E-03	   -1.051735E-02	    0.000000E+00	    1.000000E+00	    1.000000E-03	    1.000000E-03	    9.980000E+02	    0.000000E+00	    0.000000E+00	    0.000000E+00	    0.000000E+00	
    1.119926E-02	   -7.483731E-03	    0.000000E+00	    1.000000E+00	    1.000000E-03	    1.000000E-03	    9.980000E+02	    0.000000E+00	    0.000000E+00	    0.000000E+00	    0.000000E+00	
    1.235412E-02	   -4.438617E-03	    0.000000E+00	    1.000000E+00	    1.000000E-03	    1.000000E-03	    9.980000E+02	    0.000000E+00	    0.000000E+00	    0.000000E+00	    0.000000E+00	
    1.268070E-02	   -2.194722E-03	    0.000000E+00	    1.000000E+00	    1.000000E-03	    1.000000E-03	    9.980000E+02	    0.000000E+00	    0.000000E+00	    0.000000E+00	    0.000000E+00	
    1.268693E-02	   -9.188330E-04	    0.000000E+00	    1.000000E+00	    1.000000E-03	    1.000000E-03	    9.980000E+02	    0.000000E+00	    0.000000E+00	    0.000000E+00	    0.000000E+00	
    1.264684E-02	   -3.340780E-04	    0.000000E+00	    1.000000E+00	    1.000000E-03	    1.000000E-03	    9.980000E+02	    0.000000E+00	    0.000000E+00	    0.000000E+00	    0.000000E+00	
    1.262428E-02	   -1.101277E-04	    0.000000E+00	    1.000000E+00	    1.000000E-03	    1.000000E-03	    9.980000E+02	    0.000000E+00	    0.000000E+00	    0.000000E+00	    0.000000E+00	
    1.261892E-02	   -6.212388E-05	    0.000000E+00	    1.000000E+00	    1.000000E-03	    1.000000E-03	    9.980000E+02	    0.000000E+00	    0.000000E+00	    0.000000E+00	    0.000000E+00	
