Title="Fields"
Variables="X""Y""Velocity""Phi""Effective Viscosity""Dynamic Viscosity""Density""Eddy Viscosity""K""Omega""S"
Zone I=22 J=22 F=POINT
   -1.257913E-02	    6.180935E-05	    0.000000E+00	   -1.000000E+00	    1.200000E-02	    1.200000E-02	    8.750000E+02	    0.000000E+00	    0.000000E+00	    0.000000E+00	    0.000000E+00	
   -1.257241E-02	    1.094652E-04	    0.000000E+00	   -1.000000E+00	    1.200000E-02	    1.200000E-02	    8.750000E+02	    0.000000E+00	    0.000000E+00	    0.000000E+00	    0.000000E+00	
   -1.253884E-02	    3.305908E-04	    0.000000E+00	   -1.000000E+00	    1.200000E-02	    1.200000E-02	    8.750000E+02	    0.000000E+00	    0.000000E+00	    0.000000E+00	    0.000000E+00	
   -1.243414E-02	    8.988001E-04	    0.000000E+00	   -1.000000E+00	    1.200000E-02	    1.200000E-02	    8.750000E+02	    0.000000E+00	    0.000000E+00	    0.000000E+00	    0.000000E+00	
   -1.212424E-02	    2.094392E-03	    0.000000E+00	   -1.000000E+00	    1.200000E-02	    1.200000E-02	    8.750000E+02	    0.000000E+00	    0.000000E+00	    0.000000E+00	    0.000000E+00	
   -1.132512E-02	    4.061121E-03	    0.000000E+00	   -1.000000E+00	    1.200000E-02	    1.200000E-02	    8.750000E+02	    0.000000E+00	    0.000000E+00	    0.000000E+00	    0.000000E+00	
   -9.722604E-03	    6.484535E-03	    0.000000E+00	   -1.000000E+00	    1.200000E-02	    1.200000E-02	    8.750000E+02	    0.000000E+00	    0.000000E+00	    0.000000E+00	    0.000000E+00	
   -7.370388E-03	    8.656300E-03	    0.000000E+00	   -1.000000E+00	    1.200000E-02	    1.200000E-02	    8.750000E+02	    0.000000E+00	    0.000000E+00	    0.000000E+00	    0.000000E+00	
   -4.791215E-03	    1.007536E-02	    0.000000E+00	   -1.000000E+00	    1.200000E-02	    1.200000E-02	    8.750000E+02	    0.000000E+00	    0.000000E+00	    0.000000E+00	    0.000000E+00	
   -2.512586E-03	    1.076277E-02	    0.000000E+00	   -1.000000E+00	    1.200000E-02	    1.200000E-02	    8.750000E+02	    0.000000E+00	    0.000000E+00	    0.000000E+00	    0.000000E+00	
   -7.477139E-04	    1.099177E-02	    0.000000E+00	   -1.000000E+00	    1.200000E-02	    1.200000E-02	    8.750000E+02	    0.000000E+00	    0.000000E+00	    0.000000E+00	    0.000000E+00	
    7.477139E-04	    1.099177E-02	    0.000000E+00	   -1.000000E+00	    1.200000E-02	    1.200000E-02	    8.750000E+02	    0.000000E+00	    0.000000E+00	    0.000000E+00	    0.000000E+00	
    2.512586E-03	    1.076277E-02	    0.000000E+00	   -1.000000E+00	    1.200000E-02	    1.200000E-02	    8.750000E+02	    0.000000E+00	    0.000000E+00	    0.000000E+00	    0.000000E+00	
    4.791215E-03	    1.007536E-02	    0.000000E+00	   -1.000000E+00	    1.200000E-02	    1.200000E-02	    8.750000E+02	    0.000000E+00	    0.000000E+00	    0.000000E+00	    0.000000E+00	
    7.370388E-03	    8.656300E-03	    0.000000E+00	   -1.000000E+00	    1.200000E-02	    1.200000E-02	    8.750000E+02	    0.000000E+00	    0.000000E+00	    0.000000E+00	    0.000000E+00	
    9.722604E-03	    6.484535E-03	    0.000000E+00	   -1.000000E+00	    1.200000E-02	    1.200000E-02	    8.750000E+02	    0.000000E+00	    0.000000E+00	    0.000000E+00	    0.000000E+00	
    1.132512E-02	    4.061121E-03	    0.000000E+00	   -1.000000E+00	    1.200000E-02	    1.200000E-02	    8.750000E+02	    0.000000E+00	    0.000000E+00	    0.000000E+00	    0.000000E+00	
    1.212424E-02	    2.094392E-03	    0.000000E+00	   -1.000000E+00	    1.200000E-02	    1.200000E-02	    8.750000E+02	    0.000000E+00	    0.000000E+00	    0.000000E+00	    0.000000E+00	
    1.243414E-02	    8.988001E-04	    0.000000E+00	   -1.000000E+00	    1.200000E-02	    1.200000E-02	    8.750000E+02	    0.000000E+00	    0.000000E+00	    0.000000E+00	    0.000000E+00	
    1.253884E-02	    3.305908E-04	    0.000000E+00	   -1.000000E+00	    1.200000E-02	    1.200000E-02	    8.750000E+02	    0.000000E+00	    0.000000E+00	    0.000000E+00	    0.000000E+00	
    1.257241E-02	    1.094652E-04	    0.000000E+00	   -1.000000E+00	    1.200000E-02	    1.200000E-02	    8.750000E+02	    0.000000E+00	    0.000000E+00	    0.000000E+00	    0.000000E+00	
    1.257913E-02	    6.180935E-05	    0.000000E+00	   -1.000000E+00	    1.200000E-02	    1.200000E-02	    8.750000E+02	    0.000000E+00	    0.000000E+00	    0.000000E+00	    0.000000E+00	
   -1.257793E-02	    6.163117E-05	    0.000000E+00	   -1.000000E+00	    1.200000E-02	    1.200000E-02	    8.750000E+02	    0.000000E+00	    0.000000E+00	    0.000000E+00	    0.000000E+00	
   -1.257029E-02	    1.091416E-04	    3.051782E-04	   -1.000000E+00	    1.200428E-02	    1.200000E-02	    8.750000E+02	    2.850495E-05	    4.581433E-03	    1.406336E+05	    2.023327E+04	
   -1.253246E-02	    3.295014E-04	    1.246155E-03	   -1.000000E+00	    1.200906E-02	    1.200000E-02	    8.750000E+02	    6.041288E-05	    2.257036E-03	    3.269016E+04	    3.701869E+04	
   -1.241695E-02	    8.950556E-04	    3.236536E-03	   -1.000000E+00	    1.202895E-02	    1.200000E-02	    8.750000E+02	    1.929761E-04	    3.118323E-03	    1.413923E+04	    3.371015E+04	
   -1.208526E-02	    2.081840E-03	    6.847302E-03	   -1.000000E+00	    1.207780E-02	    1.200000E-02	    8.750000E+02	    5.186563E-04	    4.156055E-03	    7.011480E+03	    2.762660E+04	
   -1.125474E-02	    4.024633E-03	    1.229987E-02	   -1.000000E+00	    1.216555E-02	    1.200000E-02	    8.750000E+02	    1.103639E-03	    5.020064E-03	    3.980066E+03	    2.343678E+04	
   -9.626490E-03	    6.402532E-03	    1.869130E-02	   -1.000000E+00	    1.227936E-02	    1.200000E-02	    8.750000E+02	    1.862405E-03	    5.627882E-03	    2.644106E+03	    2.086768E+04	
   -7.273446E-03	    8.518629E-03	    2.419529E-02	   -1.000000E+00	    1.238361E-02	    1.200000E-02	    8.750000E+02	    2.557386E-03	    5.974723E-03	    2.044229E+03	    1.927465E+04	
   -4.718024E-03	    9.893782E-03	    2.768510E-02	   -1.000000E+00	    1.245214E-02	    1.200000E-02	    8.750000E+02	    3.014235E-03	    6.139864E-03	    1.782337E+03	    1.839168E+04	
   -2.471627E-03	    1.055780E-02	    2.933533E-02	   -1.000000E+00	    1.248525E-02	    1.200000E-02	    8.750000E+02	    3.234970E-03	    6.203978E-03	    1.678062E+03	    1.798032E+04	
   -7.352701E-04	    1.077870E-02	    2.986492E-02	   -1.000000E+00	    1.249612E-02	    1.200000E-02	    8.750000E+02	    3.307459E-03	    6.219884E-03	    1.645492E+03	    1.782863E+04	
    7.352701E-04	    1.077870E-02	    2.986493E-02	   -1.000000E+00	    1.249612E-02	    1.200000E-02	    8.750000E+02	    3.307459E-03	    6.219886E-03	    1.645493E+03	    1.782864E+04	
    2.471627E-03	    1.055780E-02	    2.933536E-02	   -1.000000E+00	    1.248525E-02	    1.200000E-02	    8.750000E+02	    3.234972E-03	    6.203985E-03	    1.678063E+03	    1.798036E+04	
    4.718024E-03	    9.893782E-03	    2.768516E-02	   -1.000000E+00	    1.245214E-02	    1.200000E-02	    8.750000E+02	    3.014238E-03	    6.139878E-03	    1.782339E+03	    1.839176E+04	
    7.273446E-03	    8.518629E-03	    2.419537E-02	   -1.000000E+00	    1.238361E-02	    1.200000E-02	    8.750000E+02	    2.557390E-03	    5.974744E-03	    2.044233E+03	    1.927479E+04	
    9.626490E-03	    6.402532E-03	    1.869139E-02	   -1.000000E+00	    1.227936E-02	    1.200000E-02	    8.750000E+02	    1.862409E-03	    5.627904E-03	    2.644111E+03	    2.086791E+04	
    1.125474E-02	    4.024633E-03	    1.229996E-02	   -1.000000E+00	    1.216555E-02	    1.200000E-02	    8.750000E+02	    1.103640E-03	    5.020069E-03	    3.980068E+03	    2.343712E+04	
    1.208526E-02	    2.081840E-03	    6.847430E-03	   -1.000000E+00	    1.207780E-02	    1.200000E-02	    8.750000E+02	    5.186558E-04	    4.156048E-03	    7.011474E+03	    2.762764E+04	
    1.241695E-02	    8.950556E-04	    3.237058E-03	   -1.000000E+00	    1.202895E-02	    1.200000E-02	    8.750000E+02	    1.929937E-04	    3.118894E-03	    1.414052E+04	    3.372102E+04	
    1.253246E-02	    3.295014E-04	    1.247985E-03	   -1.000000E+00	    1.200908E-02	    1.200000E-02	    8.750000E+02	    6.052669E-05	    2.265548E-03	    3.275174E+04	    3.712748E+04	
    1.257029E-02	    1.091416E-04	    3.091435E-04	   -1.000000E+00	    1.200431E-02	    1.200000E-02	    8.750000E+02	    2.874819E-05	    4.659954E-03	    1.418336E+05	    2.076193E+04	
    1.257793E-02	    6.163117E-05	    0.000000E+00	   -1.000000E+00	    1.200000E-02	    1.200000E-02	    8.750000E+02	    0.000000E+00	    0.000000E+00	    0.000000E+00	    0.000000E+00	
   -1.257446E-02	    6.097841E-05	    0.000000E+00	   -1.000000E+00	    1.200000E-02	    1.200000E-02	    8.750000E+02	    0.000000E+00	    0.000000E+00	    0.000000E+00	    0.000000E+00	
   -1.256415E-02	    1.079627E-04	    1.192845E-03	   -1.000000E+00	    1.209551E-02	    1.200000E-02	    8.750000E+02	    6.367280E-04	    4.538165E-03	    6.236407E+03	    2.050684E+04	
   -1.251398E-02	    3.256207E-04	    4.876544E-03	   -1.000000E+00	    1.200957E-02	    1.200000E-02	    8.750000E+02	    6.382849E-05	    1.908460E-03	    2.616233E+04	    3.702617E+04	
   -1.236735E-02	    8.822814E-04	    1.263005E-02	   -1.000000E+00	    1.202984E-02	    1.200000E-02	    8.750000E+02	    1.989197E-04	    2.238194E-03	    9.845276E+03	    3.356982E+04	
   -1.197356E-02	    2.041315E-03	    2.653301E-02	   -1.000000E+00	    1.208553E-02	    1.200000E-02	    8.750000E+02	    5.701987E-04	    2.623013E-03	    4.025152E+03	    2.720874E+04	
   -1.105535E-02	    3.912540E-03	    4.703948E-02	   -1.000000E+00	    1.221598E-02	    1.200000E-02	    8.750000E+02	    1.439846E-03	    3.140532E-03	    1.908513E+03	    2.239561E+04	
   -9.357991E-03	    6.159735E-03	    7.017754E-02	   -1.000000E+00	    1.246581E-02	    1.200000E-02	    8.750000E+02	    3.105417E-03	    3.968653E-03	    1.118231E+03	    1.877359E+04	
   -7.005993E-03	    8.120725E-03	    8.917633E-02	   -1.000000E+00	    1.278386E-02	    1.200000E-02	    8.750000E+02	    5.225725E-03	    4.838015E-03	    8.100814E+02	    1.621617E+04	
   -4.517720E-03	    9.375990E-03	    1.007244E-01	   -1.000000E+00	    1.303719E-02	    1.200000E-02	    8.750000E+02	    6.914578E-03	    5.432490E-03	    6.874503E+02	    1.478057E+04	
   -2.359970E-03	    9.976832E-03	    1.060395E-01	   -1.000000E+00	    1.317088E-02	    1.200000E-02	    8.750000E+02	    7.805850E-03	    5.717651E-03	    6.409225E+02	    1.413412E+04	
   -7.013908E-04	    1.017596E-02	    1.077200E-01	   -1.000000E+00	    1.321599E-02	    1.200000E-02	    8.750000E+02	    8.106589E-03	    5.806973E-03	    6.267867E+02	    1.391458E+04	
    7.013908E-04	    1.017596E-02	    1.077200E-01	   -1.000000E+00	    1.321599E-02	    1.200000E-02	    8.750000E+02	    8.106591E-03	    5.806976E-03	    6.267868E+02	    1.391459E+04	
    2.359970E-03	    9.976832E-03	    1.060396E-01	   -1.000000E+00	    1.317088E-02	    1.200000E-02	    8.750000E+02	    7.805856E-03	    5.717659E-03	    6.409229E+02	    1.413415E+04	
    4.517720E-03	    9.375990E-03	    1.007247E-01	   -1.000000E+00	    1.303719E-02	    1.200000E-02	    8.750000E+02	    6.914588E-03	    5.432503E-03	    6.874510E+02	    1.478064E+04	
    7.005993E-03	    8.120725E-03	    8.917665E-02	   -1.000000E+00	    1.278386E-02	    1.200000E-02	    8.750000E+02	    5.225732E-03	    4.838029E-03	    8.100827E+02	    1.621630E+04	
    9.357991E-03	    6.159735E-03	    7.017791E-02	   -1.000000E+00	    1.246581E-02	    1.200000E-02	    8.750000E+02	    3.105411E-03	    3.968654E-03	    1.118233E+03	    1.877381E+04	
    1.105535E-02	    3.912540E-03	    4.703982E-02	   -1.000000E+00	    1.221597E-02	    1.200000E-02	    8.750000E+02	    1.439827E-03	    3.140494E-03	    1.908515E+03	    2.239596E+04	
    1.197356E-02	    2.041315E-03	    2.653351E-02	   -1.000000E+00	    1.208553E-02	    1.200000E-02	    8.750000E+02	    5.701821E-04	    2.622939E-03	    4.025155E+03	    2.720977E+04	
    1.236735E-02	    8.822814E-04	    1.263209E-02	   -1.000000E+00	    1.202984E-02	    1.200000E-02	    8.750000E+02	    1.989314E-04	    2.238538E-03	    9.846213E+03	    3.358052E+04	
    1.251398E-02	    3.256207E-04	    4.883711E-03	   -1.000000E+00	    1.200960E-02	    1.200000E-02	    8.750000E+02	    6.397065E-05	    1.915983E-03	    2.620710E+04	    3.713393E+04	
    1.256415E-02	    1.079627E-04	    1.208353E-03	   -1.000000E+00	    1.209633E-02	    1.200000E-02	    8.750000E+02	    6.421830E-04	    4.616257E-03	    6.289835E+03	    2.103590E+04	
    1.257446E-02	    6.097841E-05	    0.000000E+00	   -1.000000E+00	    1.200000E-02	    1.200000E-02	    8.750000E+02	    0.000000E+00	    0.000000E+00	    0.000000E+00	    0.000000E+00	
   -1.256823E-02	    5.928185E-05	    0.000000E+00	   -1.000000E+00	    1.200000E-02	    1.200000E-02	    8.750000E+02	    0.000000E+00	    0.000000E+00	    0.000000E+00	    0.000000E+00	
   -1.255313E-02	    1.049189E-04	    2.797895E-03	   -1.000000E+00	    1.209492E-02	    1.200000E-02	    8.750000E+02	    6.328314E-04	    4.488949E-03	    6.206757E+03	    2.257557E+04	
   -1.248095E-02	    3.158820E-04	    1.146777E-02	   -1.000000E+00	    1.201097E-02	    1.200000E-02	    8.750000E+02	    7.316548E-05	    1.531189E-03	    1.831178E+04	    3.732093E+04	
   -1.227928E-02	    8.520484E-04	    2.962382E-02	   -1.000000E+00	    1.203409E-02	    1.200000E-02	    8.750000E+02	    2.272637E-04	    1.526630E-03	    5.877761E+03	    3.350249E+04	
   -1.177811E-02	    1.953094E-03	    6.174385E-02	   -1.000000E+00	    1.213472E-02	    1.200000E-02	    8.750000E+02	    8.981325E-04	    2.058633E-03	    2.005611E+03	    2.651451E+04	
   -1.071456E-02	    3.688261E-03	    1.073882E-01	   -1.000000E+00	    1.260726E-02	    1.200000E-02	    8.750000E+02	    4.048390E-03	    3.967380E-03	    8.574908E+02	    1.990557E+04	
   -8.911744E-03	    5.705622E-03	    1.546715E-01	   -1.000000E+00	    1.388187E-02	    1.200000E-02	    8.750000E+02	    1.254578E-02	    7.194843E-03	    5.018013E+02	    1.433200E+04	
   -6.572131E-03	    7.409556E-03	    1.893495E-01	   -1.000000E+00	    1.545933E-02	    1.200000E-02	    8.750000E+02	    2.306220E-02	    9.928380E-03	    3.766914E+02	    1.090602E+04	
   -4.197767E-03	    8.473777E-03	    2.086638E-01	   -1.000000E+00	    1.657659E-02	    1.200000E-02	    8.750000E+02	    3.051058E-02	    1.143130E-02	    3.278335E+02	    9.238798E+03	
   -2.182925E-03	    8.976065E-03	    2.171315E-01	   -1.000000E+00	    1.712030E-02	    1.200000E-02	    8.750000E+02	    3.413536E-02	    1.206282E-02	    3.092093E+02	    8.551438E+03	
   -6.478026E-04	    9.141528E-03	    2.197478E-01	   -1.000000E+00	    1.729630E-02	    1.200000E-02	    8.750000E+02	    3.530869E-02	    1.225039E-02	    3.035822E+02	    8.333645E+03	
    6.478026E-04	    9.141528E-03	    2.197479E-01	   -1.000000E+00	    1.729630E-02	    1.200000E-02	    8.750000E+02	    3.530870E-02	    1.225039E-02	    3.035822E+02	    8.333651E+03	
    2.182925E-03	    8.976065E-03	    2.171318E-01	   -1.000000E+00	    1.712031E-02	    1.200000E-02	    8.750000E+02	    3.413538E-02	    1.206284E-02	    3.092095E+02	    8.551459E+03	
    4.197767E-03	    8.473777E-03	    2.086642E-01	   -1.000000E+00	    1.657659E-02	    1.200000E-02	    8.750000E+02	    3.051060E-02	    1.143133E-02	    3.278340E+02	    9.238845E+03	
    6.572131E-03	    7.409556E-03	    1.893503E-01	   -1.000000E+00	    1.545933E-02	    1.200000E-02	    8.750000E+02	    2.306220E-02	    9.928404E-03	    3.766923E+02	    1.090612E+04	
    8.911744E-03	    5.705622E-03	    1.546724E-01	   -1.000000E+00	    1.388185E-02	    1.200000E-02	    8.750000E+02	    1.254569E-02	    7.194814E-03	    5.018029E+02	    1.433221E+04	
    1.071456E-02	    3.688261E-03	    1.073891E-01	   -1.000000E+00	    1.260723E-02	    1.200000E-02	    8.750000E+02	    4.048215E-03	    3.967219E-03	    8.574932E+02	    1.990599E+04	
    1.177811E-02	    1.953094E-03	    6.174504E-02	   -1.000000E+00	    1.213470E-02	    1.200000E-02	    8.750000E+02	    8.980116E-04	    2.058368E-03	    2.005623E+03	    2.651554E+04	
    1.227928E-02	    8.520484E-04	    2.962861E-02	   -1.000000E+00	    1.203409E-02	    1.200000E-02	    8.750000E+02	    2.272518E-04	    1.526727E-03	    5.878440E+03	    3.351243E+04	
    1.248095E-02	    3.158820E-04	    1.148468E-02	   -1.000000E+00	    1.201101E-02	    1.200000E-02	    8.750000E+02	    7.338449E-05	    1.538071E-03	    1.833919E+04	    3.742411E+04	
    1.255313E-02	    1.049189E-04	    2.834566E-03	   -1.000000E+00	    1.209575E-02	    1.200000E-02	    8.750000E+02	    6.383128E-04	    4.567050E-03	    6.260518E+03	    2.312905E+04	
    1.256823E-02	    5.928185E-05	    0.000000E+00	   -1.000000E+00	    1.200000E-02	    1.200000E-02	    8.750000E+02	    0.000000E+00	    0.000000E+00	    0.000000E+00	    0.000000E+00	
   -1.255850E-02	    5.513948E-05	    0.000000E+00	   -1.000000E+00	    1.200000E-02	    1.200000E-02	    8.750000E+02	    0.000000E+00	    0.000000E+00	    0.000000E+00	    0.000000E+00	
   -1.253594E-02	    9.752944E-05	    5.367592E-03	   -1.000000E+00	    1.209473E-02	    1.200000E-02	    8.750000E+02	    6.315350E-04	    4.480176E-03	    6.207342E+03	    2.981482E+04	
   -1.242963E-02	    2.928281E-04	    2.201767E-02	   -1.000000E+00	    1.201512E-02	    1.200000E-02	    8.750000E+02	    1.007697E-04	    1.311658E-03	    1.138935E+04	    3.847968E+04	
   -1.214403E-02	    7.843894E-04	    5.669032E-02	   -1.000000E+00	    1.205637E-02	    1.200000E-02	    8.750000E+02	    3.757873E-04	    1.390138E-03	    3.236859E+03	    3.344667E+04	
   -1.148493E-02	    1.772773E-03	    1.163212E-01	   -1.000000E+00	    1.243855E-02	    1.200000E-02	    8.750000E+02	    2.923636E-03	    3.336532E-03	    9.985733E+02	    2.435741E+04	
   -1.022180E-02	    3.275307E-03	    1.926124E-01	   -1.000000E+00	    1.455348E-02	    1.200000E-02	    8.750000E+02	    1.702320E-02	    8.754653E-03	    4.499931E+02	    1.472806E+04	
   -8.293280E-03	    4.942468E-03	    2.585157E-01	   -1.000000E+00	    1.834679E-02	    1.200000E-02	    8.750000E+02	    4.231190E-02	    1.398428E-02	    2.891915E+02	    8.501273E+03	
   -5.991850E-03	    6.288168E-03	    3.004831E-01	   -1.000000E+00	    2.155887E-02	    1.200000E-02	    8.750000E+02	    6.372577E-02	    1.655515E-02	    2.273140E+02	    5.654047E+03	
   -3.779202E-03	    7.101271E-03	    3.222043E-01	   -1.000000E+00	    2.343612E-02	    1.200000E-02	    8.750000E+02	    7.624077E-02	    1.755004E-02	    2.014183E+02	    4.489371E+03	
   -1.953716E-03	    7.478005E-03	    3.314154E-01	   -1.000000E+00	    2.427884E-02	    1.200000E-02	    8.750000E+02	    8.185890E-02	    1.789375E-02	    1.912685E+02	    4.047713E+03	
   -5.786626E-04	    7.601140E-03	    3.342206E-01	   -1.000000E+00	    2.454228E-02	    1.200000E-02	    8.750000E+02	    8.361519E-02	    1.798614E-02	    1.882179E+02	    3.914068E+03	
    5.786626E-04	    7.601140E-03	    3.342207E-01	   -1.000000E+00	    2.454228E-02	    1.200000E-02	    8.750000E+02	    8.361518E-02	    1.798615E-02	    1.882180E+02	    3.914072E+03	
    1.953716E-03	    7.478005E-03	    3.314158E-01	   -1.000000E+00	    2.427883E-02	    1.200000E-02	    8.750000E+02	    8.185887E-02	    1.789376E-02	    1.912687E+02	    4.047727E+03	
    3.779202E-03	    7.101271E-03	    3.222051E-01	   -1.000000E+00	    2.343610E-02	    1.200000E-02	    8.750000E+02	    7.624069E-02	    1.755006E-02	    2.014188E+02	    4.489402E+03	
    5.991850E-03	    6.288168E-03	    3.004844E-01	   -1.000000E+00	    2.155884E-02	    1.200000E-02	    8.750000E+02	    6.372557E-02	    1.655517E-02	    2.273149E+02	    5.654117E+03	
    8.293280E-03	    4.942468E-03	    2.585176E-01	   -1.000000E+00	    1.834671E-02	    1.200000E-02	    8.750000E+02	    4.231141E-02	    1.398420E-02	    2.891933E+02	    8.501452E+03	
    1.022180E-02	    3.275307E-03	    1.926144E-01	   -1.000000E+00	    1.455334E-02	    1.200000E-02	    8.750000E+02	    1.702223E-02	    8.754225E-03	    4.499966E+02	    1.472855E+04	
    1.148493E-02	    1.772773E-03	    1.163236E-01	   -1.000000E+00	    1.243843E-02	    1.200000E-02	    8.750000E+02	    2.922839E-03	    3.335694E-03	    9.985949E+02	    2.435853E+04	
    1.214403E-02	    7.843894E-04	    5.669945E-02	   -1.000000E+00	    1.205635E-02	    1.200000E-02	    8.750000E+02	    3.756476E-04	    1.389864E-03	    3.237426E+03	    3.345408E+04	
    1.242963E-02	    2.928281E-04	    2.205040E-02	   -1.000000E+00	    1.201518E-02	    1.200000E-02	    8.750000E+02	    1.011961E-04	    1.318990E-03	    1.140474E+04	    3.856692E+04	
    1.253594E-02	    9.752944E-05	    5.440578E-03	   -1.000000E+00	    1.209557E-02	    1.200000E-02	    8.750000E+02	    6.371490E-04	    4.560182E-03	    6.262521E+03	    3.046012E+04	
    1.255850E-02	    5.513948E-05	    0.000000E+00	   -1.000000E+00	    1.200000E-02	    1.200000E-02	    8.750000E+02	    0.000000E+00	    0.000000E+00	    0.000000E+00	    0.000000E+00	
   -1.254643E-02	    4.679199E-05	    0.000000E+00	   -1.000000E+00	    1.200000E-02	    1.200000E-02	    8.750000E+02	    0.000000E+00	    0.000000E+00	    0.000000E+00	    0.000000E+00	
   -1.251465E-02	    8.270349E-05	    8.686876E-03	   -1.000000E+00	    1.209559E-02	    1.200000E-02	    8.750000E+02	    6.372797E-04	    4.574211E-03	    6.280498E+03	    4.624145E+04	
   -1.236646E-02	    2.474722E-04	    3.569440E-02	   -1.000000E+00	    1.202648E-02	    1.200000E-02	    8.750000E+02	    1.765543E-04	    1.391907E-03	    6.898271E+03	    4.138577E+04	
   -1.198011E-02	    6.572885E-04	    9.162514E-02	   -1.000000E+00	    1.215101E-02	    1.200000E-02	    8.750000E+02	    1.006748E-03	    2.150526E-03	    1.869098E+03	    3.307078E+04	
   -1.114042E-02	    1.460672E-03	    1.820728E-01	   -1.000000E+00	    1.352989E-02	    1.200000E-02	    8.750000E+02	    1.019930E-02	    6.912554E-03	    5.930295E+02	    2.001355E+04	
   -9.669352E-03	    2.631772E-03	    2.793917E-01	   -1.000000E+00	    1.819907E-02	    1.200000E-02	    8.750000E+02	    4.132712E-02	    1.417572E-02	    3.001360E+02	    9.307710E+03	
   -7.635018E-03	    3.865040E-03	    3.518126E-01	   -1.000000E+00	    2.368586E-02	    1.200000E-02	    8.750000E+02	    7.790575E-02	    1.805049E-02	    2.027345E+02	    4.610339E+03	
   -5.399569E-03	    4.813364E-03	    3.951392E-01	   -1.000000E+00	    2.764284E-02	    1.200000E-02	    8.750000E+02	    1.042856E-01	    1.928540E-02	    1.618126E+02	    2.886707E+03	
   -3.362656E-03	    5.367163E-03	    4.169596E-01	   -1.000000E+00	    2.982004E-02	    1.200000E-02	    8.750000E+02	    1.188002E-01	    1.957129E-02	    1.441485E+02	    2.237207E+03	
   -1.728270E-03	    5.619043E-03	    4.260915E-01	   -1.000000E+00	    3.077175E-02	    1.200000E-02	    8.750000E+02	    1.251450E-01	    1.961977E-02	    1.371792E+02	    1.997782E+03	
   -5.109180E-04	    5.700736E-03	    4.288566E-01	   -1.000000E+00	    3.106546E-02	    1.200000E-02	    8.750000E+02	    1.271031E-01	    1.962454E-02	    1.350988E+02	    1.926252E+03	
    5.109180E-04	    5.700736E-03	    4.288568E-01	   -1.000000E+00	    3.106545E-02	    1.200000E-02	    8.750000E+02	    1.271030E-01	    1.962454E-02	    1.350988E+02	    1.926254E+03	
    1.728270E-03	    5.619043E-03	    4.260922E-01	   -1.000000E+00	    3.077172E-02	    1.200000E-02	    8.750000E+02	    1.251448E-01	    1.961976E-02	    1.371794E+02	    1.997792E+03	
    3.362656E-03	    5.367163E-03	    4.169609E-01	   -1.000000E+00	    2.981997E-02	    1.200000E-02	    8.750000E+02	    1.187998E-01	    1.957127E-02	    1.441489E+02	    2.237229E+03	
    5.399569E-03	    4.813364E-03	    3.951414E-01	   -1.000000E+00	    2.764272E-02	    1.200000E-02	    8.750000E+02	    1.042848E-01	    1.928534E-02	    1.618134E+02	    2.886756E+03	
    7.635018E-03	    3.865040E-03	    3.518158E-01	   -1.000000E+00	    2.368564E-02	    1.200000E-02	    8.750000E+02	    7.790424E-02	    1.805028E-02	    2.027360E+02	    4.610474E+03	
    9.669352E-03	    2.631772E-03	    2.793958E-01	   -1.000000E+00	    1.819865E-02	    1.200000E-02	    8.750000E+02	    4.132432E-02	    1.417497E-02	    3.001405E+02	    9.308174E+03	
    1.114042E-02	    1.460672E-03	    1.820776E-01	   -1.000000E+00	    1.352938E-02	    1.200000E-02	    8.750000E+02	    1.019588E-02	    6.910608E-03	    5.930612E+02	    2.001472E+04	
    1.198011E-02	    6.572885E-04	    9.163967E-02	   -1.000000E+00	    1.215089E-02	    1.200000E-02	    8.750000E+02	    1.005914E-03	    2.149394E-03	    1.869663E+03	    3.307283E+04	
    1.236646E-02	    2.474722E-04	    3.574851E-02	   -1.000000E+00	    1.202661E-02	    1.200000E-02	    8.750000E+02	    1.774216E-04	    1.400776E-03	    6.908284E+03	    4.143197E+04	
    1.251465E-02	    8.270349E-05	    8.817300E-03	   -1.000000E+00	    1.209648E-02	    1.200000E-02	    8.750000E+02	    6.432108E-04	    4.659749E-03	    6.338950E+03	    4.710235E+04	
    1.254643E-02	    4.679199E-05	    0.000000E+00	   -1.000000E+00	    1.200000E-02	    1.200000E-02	    8.750000E+02	    0.000000E+00	    0.000000E+00	    0.000000E+00	    0.000000E+00	
   -1.253563E-02	    3.437384E-05	    0.000000E+00	   -1.000000E+00	    1.200000E-02	    1.200000E-02	    8.750000E+02	    0.000000E+00	    0.000000E+00	    0.000000E+00	    0.000000E+00	
   -1.249563E-02	    6.071468E-05	    1.183025E-02	   -1.000000E+00	    1.209707E-02	    1.200000E-02	    8.750000E+02	    6.471483E-04	    4.728223E-03	    6.392962E+03	    6.954310E+04	
   -1.231039E-02	    1.811270E-04	    4.883640E-02	   -1.000000E+00	    1.204893E-02	    1.200000E-02	    8.750000E+02	    3.261883E-04	    1.712113E-03	    4.592743E+03	    4.574137E+04	
   -1.183693E-02	    4.774902E-04	    1.252554E-01	   -1.000000E+00	    1.238947E-02	    1.200000E-02	    8.750000E+02	    2.596489E-03	    3.722617E-03	    1.254498E+03	    3.169126E+04	
   -1.084878E-02	    1.045834E-03	    2.391019E-01	   -1.000000E+00	    1.521137E-02	    1.200000E-02	    8.750000E+02	    2.140913E-02	    1.071530E-02	    4.379389E+02	    1.539177E+04	
   -9.222661E-03	    1.845599E-03	    3.463280E-01	   -1.000000E+00	    2.149220E-02	    1.200000E-02	    8.750000E+02	    6.328134E-02	    1.707194E-02	    2.360561E+02	    6.101249E+03	
   -7.127999E-03	    2.653028E-03	    4.215203E-01	   -1.000000E+00	    2.768073E-02	    1.200000E-02	    8.750000E+02	    1.045382E-01	    1.933320E-02	    1.618216E+02	    2.881112E+03	
   -4.960180E-03	    3.251003E-03	    4.654445E-01	   -1.000000E+00	    3.187369E-02	    1.200000E-02	    8.750000E+02	    1.324913E-01	    1.961763E-02	    1.295589E+02	    1.766049E+03	
   -3.060368E-03	    3.591421E-03	    4.872668E-01	   -1.000000E+00	    3.411384E-02	    1.200000E-02	    8.750000E+02	    1.474256E-01	    1.945885E-02	    1.154921E+02	    1.347918E+03	
   -1.566298E-03	    3.744170E-03	    4.963359E-01	   -1.000000E+00	    3.507919E-02	    1.200000E-02	    8.750000E+02	    1.538612E-01	    1.933118E-02	    1.099353E+02	    1.193521E+03	
   -4.624052E-04	    3.793436E-03	    4.990738E-01	   -1.000000E+00	    3.537523E-02	    1.200000E-02	    8.750000E+02	    1.558349E-01	    1.928458E-02	    1.082813E+02	    1.147308E+03	
    4.624052E-04	    3.793436E-03	    4.990741E-01	   -1.000000E+00	    3.537521E-02	    1.200000E-02	    8.750000E+02	    1.558348E-01	    1.928457E-02	    1.082814E+02	    1.147310E+03	
    1.566298E-03	    3.744170E-03	    4.963368E-01	   -1.000000E+00	    3.507911E-02	    1.200000E-02	    8.750000E+02	    1.538608E-01	    1.933113E-02	    1.099354E+02	    1.193527E+03	
    3.060368E-03	    3.591421E-03	    4.872687E-01	   -1.000000E+00	    3.411370E-02	    1.200000E-02	    8.750000E+02	    1.474246E-01	    1.945876E-02	    1.154923E+02	    1.347931E+03	
    4.960180E-03	    3.251003E-03	    4.654477E-01	   -1.000000E+00	    3.187343E-02	    1.200000E-02	    8.750000E+02	    1.324896E-01	    1.961744E-02	    1.295593E+02	    1.766078E+03	
    7.127999E-03	    2.653028E-03	    4.215252E-01	   -1.000000E+00	    2.768028E-02	    1.200000E-02	    8.750000E+02	    1.045352E-01	    1.933276E-02	    1.618227E+02	    2.881195E+03	
    9.222661E-03	    1.845599E-03	    3.463348E-01	   -1.000000E+00	    2.149139E-02	    1.200000E-02	    8.750000E+02	    6.327595E-02	    1.707081E-02	    2.360606E+02	    6.101565E+03	
    1.084878E-02	    1.045834E-03	    2.391103E-01	   -1.000000E+00	    1.521018E-02	    1.200000E-02	    8.750000E+02	    2.140122E-02	    1.071231E-02	    4.379785E+02	    1.539263E+04	
    1.183693E-02	    4.774902E-04	    1.252747E-01	   -1.000000E+00	    1.238900E-02	    1.200000E-02	    8.750000E+02	    2.593331E-03	    3.719891E-03	    1.255106E+03	    3.168617E+04	
    1.231039E-02	    1.811270E-04	    4.891253E-02	   -1.000000E+00	    1.204913E-02	    1.200000E-02	    8.750000E+02	    3.275466E-04	    1.722440E-03	    4.601285E+03	    4.571109E+04	
    1.249563E-02	    6.071468E-05	    1.204329E-02	   -1.000000E+00	    1.209803E-02	    1.200000E-02	    8.750000E+02	    6.535131E-04	    4.821686E-03	    6.455838E+03	    7.074539E+04	
    1.253563E-02	    3.437384E-05	    0.000000E+00	   -1.000000E+00	    1.200000E-02	    1.200000E-02	    8.750000E+02	    0.000000E+00	    0.000000E+00	    0.000000E+00	    0.000000E+00	
   -1.252906E-02	    2.128402E-05	    0.000000E+00	   -1.000000E+00	    1.200000E-02	    1.200000E-02	    8.750000E+02	    0.000000E+00	    0.000000E+00	    0.000000E+00	    0.000000E+00	
   -1.248405E-02	    3.757897E-05	    1.391262E-02	   -1.000000E+00	    1.209785E-02	    1.200000E-02	    8.750000E+02	    6.523104E-04	    4.810935E-03	    6.453320E+03	    8.962841E+04	
   -1.227643E-02	    1.119018E-04	    5.784967E-02	   -1.000000E+00	    1.207534E-02	    1.200000E-02	    8.750000E+02	    5.022414E-04	    2.046155E-03	    3.564791E+03	    4.971362E+04	
   -1.175122E-02	    2.936716E-04	    1.489081E-01	   -1.000000E+00	    1.271253E-02	    1.200000E-02	    8.750000E+02	    4.750191E-03	    5.390889E-03	    9.930186E+02	    2.995856E+04	
   -1.067819E-02	    6.377246E-04	    2.766996E-01	   -1.000000E+00	    1.664163E-02	    1.200000E-02	    8.750000E+02	    3.094418E-02	    1.322100E-02	    3.738466E+02	    1.254980E+04	
   -8.969782E-03	    1.112031E-03	    3.895006E-01	   -1.000000E+00	    2.362881E-02	    1.200000E-02	    8.750000E+02	    7.752543E-02	    1.830448E-02	    2.065957E+02	    4.665197E+03	
   -6.850380E-03	    1.579584E-03	    4.670978E-01	   -1.000000E+00	    3.001218E-02	    1.200000E-02	    8.750000E+02	    1.200812E-01	    1.947501E-02	    1.419093E+02	    2.153765E+03	
   -4.725509E-03	    1.918767E-03	    5.120640E-01	   -1.000000E+00	    3.420421E-02	    1.200000E-02	    8.750000E+02	    1.480281E-01	    1.917729E-02	    1.133577E+02	    1.292307E+03	
   -2.901206E-03	    2.109235E-03	    5.342936E-01	   -1.000000E+00	    3.640742E-02	    1.200000E-02	    8.750000E+02	    1.627161E-01	    1.875210E-02	    1.008388E+02	    9.676712E+02	
   -1.481562E-03	    2.194091E-03	    5.435081E-01	   -1.000000E+00	    3.734927E-02	    1.200000E-02	    8.750000E+02	    1.689951E-01	    1.851913E-02	    9.588582E+01	    8.472152E+02	
   -4.370781E-04	    2.221380E-03	    5.462870E-01	   -1.000000E+00	    3.763718E-02	    1.200000E-02	    8.750000E+02	    1.709145E-01	    1.844164E-02	    9.441228E+01	    8.109955E+02	
    4.370781E-04	    2.221380E-03	    5.462873E-01	   -1.000000E+00	    3.763715E-02	    1.200000E-02	    8.750000E+02	    1.709143E-01	    1.844161E-02	    9.441227E+01	    8.109961E+02	
    1.481562E-03	    2.194091E-03	    5.435093E-01	   -1.000000E+00	    3.734916E-02	    1.200000E-02	    8.750000E+02	    1.689944E-01	    1.851904E-02	    9.588579E+01	    8.472172E+02	
    2.901206E-03	    2.109235E-03	    5.342960E-01	   -1.000000E+00	    3.640720E-02	    1.200000E-02	    8.750000E+02	    1.627146E-01	    1.875193E-02	    1.008387E+02	    9.676757E+02	
    4.725509E-03	    1.918767E-03	    5.120680E-01	   -1.000000E+00	    3.420382E-02	    1.200000E-02	    8.750000E+02	    1.480255E-01	    1.917695E-02	    1.133577E+02	    1.292317E+03	
    6.850380E-03	    1.579584E-03	    4.671041E-01	   -1.000000E+00	    3.001152E-02	    1.200000E-02	    8.750000E+02	    1.200768E-01	    1.947436E-02	    1.419097E+02	    2.153798E+03	
    8.969782E-03	    1.112031E-03	    3.895097E-01	   -1.000000E+00	    2.362768E-02	    1.200000E-02	    8.750000E+02	    7.751789E-02	    1.830303E-02	    2.065994E+02	    4.665354E+03	
    1.067819E-02	    6.377246E-04	    2.767114E-01	   -1.000000E+00	    1.663986E-02	    1.200000E-02	    8.750000E+02	    3.093237E-02	    1.321742E-02	    3.738879E+02	    1.255015E+04	
    1.175122E-02	    2.936716E-04	    1.489302E-01	   -1.000000E+00	    1.271150E-02	    1.200000E-02	    8.750000E+02	    4.743350E-03	    5.386476E-03	    9.936366E+02	    2.994729E+04	
    1.227643E-02	    1.119018E-04	    5.794163E-02	   -1.000000E+00	    1.207555E-02	    1.200000E-02	    8.750000E+02	    5.036954E-04	    2.056800E-03	    3.572993E+03	    4.958337E+04	
    1.248405E-02	    3.757897E-05	    1.422619E-02	   -1.000000E+00	    1.209885E-02	    1.200000E-02	    8.750000E+02	    6.590027E-04	    4.910155E-03	    6.519527E+03	    9.118198E+04	
    1.252906E-02	    2.128402E-05	    0.000000E+00	   -1.000000E+00	    1.200000E-02	    1.200000E-02	    8.750000E+02	    0.000000E+00	    0.000000E+00	    0.000000E+00	    0.000000E+00	
   -1.252631E-02	    1.110221E-05	    0.000000E+00	   -1.000000E+00	    1.200000E-02	    1.200000E-02	    8.750000E+02	    0.000000E+00	    0.000000E+00	    0.000000E+00	    0.000000E+00	
   -1.247922E-02	    1.959872E-05	    1.492566E-02	   -1.000000E+00	    1.209769E-02	    1.200000E-02	    8.750000E+02	    6.512983E-04	    4.798925E-03	    6.447214E+03	    1.012042E+05	
   -1.226229E-02	    5.831598E-05	    6.250599E-02	   -1.000000E+00	    1.209430E-02	    1.200000E-02	    8.750000E+02	    6.286710E-04	    2.251980E-03	    3.134362E+03	    5.238831E+04	
   -1.171577E-02	    1.527570E-04	    1.619788E-01	   -1.000000E+00	    1.298615E-02	    1.200000E-02	    8.750000E+02	    6.574312E-03	    6.616206E-03	    8.805758E+02	    2.888918E+04	
   -1.060851E-02	    3.305525E-04	    2.975597E-01	   -1.000000E+00	    1.755714E-02	    1.200000E-02	    8.750000E+02	    3.704761E-02	    1.463754E-02	    3.457132E+02	    1.125014E+04	
   -8.868197E-03	    5.736158E-04	    4.139829E-01	   -1.000000E+00	    2.479752E-02	    1.200000E-02	    8.750000E+02	    8.531681E-02	    1.882070E-02	    1.930231E+02	    4.048715E+03	
   -6.740700E-03	    8.109309E-04	    4.937059E-01	   -1.000000E+00	    3.118053E-02	    1.200000E-02	    8.750000E+02	    1.278702E-01	    1.934297E-02	    1.323615E+02	    1.834303E+03	
   -4.633919E-03	    9.816869E-04	    5.398871E-01	   -1.000000E+00	    3.530614E-02	    1.200000E-02	    8.750000E+02	    1.553743E-01	    1.870315E-02	    1.053280E+02	    1.077916E+03	
   -2.839512E-03	    1.077063E-03	    5.627146E-01	   -1.000000E+00	    3.745527E-02	    1.200000E-02	    8.750000E+02	    1.697018E-01	    1.811805E-02	    9.341853E+01	    7.918229E+02	
   -1.448817E-03	    1.119436E-03	    5.721760E-01	   -1.000000E+00	    3.836999E-02	    1.200000E-02	    8.750000E+02	    1.757999E-01	    1.782046E-02	    8.869686E+01	    6.852429E+02	
   -4.273005E-04	    1.133047E-03	    5.750290E-01	   -1.000000E+00	    3.864912E-02	    1.200000E-02	    8.750000E+02	    1.776608E-01	    1.772373E-02	    8.729140E+01	    6.530625E+02	
    4.273005E-04	    1.133047E-03	    5.750294E-01	   -1.000000E+00	    3.864908E-02	    1.200000E-02	    8.750000E+02	    1.776606E-01	    1.772369E-02	    8.729136E+01	    6.530622E+02	
    1.448817E-03	    1.119436E-03	    5.721774E-01	   -1.000000E+00	    3.836985E-02	    1.200000E-02	    8.750000E+02	    1.757990E-01	    1.782034E-02	    8.869674E+01	    6.852418E+02	
    2.839512E-03	    1.077063E-03	    5.627174E-01	   -1.000000E+00	    3.745500E-02	    1.200000E-02	    8.750000E+02	    1.697000E-01	    1.811781E-02	    9.341831E+01	    7.918208E+02	
    4.633919E-03	    9.816869E-04	    5.398918E-01	   -1.000000E+00	    3.530567E-02	    1.200000E-02	    8.750000E+02	    1.553712E-01	    1.870272E-02	    1.053277E+02	    1.077912E+03	
    6.740700E-03	    8.109309E-04	    4.937132E-01	   -1.000000E+00	    3.117976E-02	    1.200000E-02	    8.750000E+02	    1.278651E-01	    1.934216E-02	    1.323614E+02	    1.834300E+03	
    8.868197E-03	    5.736158E-04	    4.139935E-01	   -1.000000E+00	    2.479623E-02	    1.200000E-02	    8.750000E+02	    8.530818E-02	    1.881906E-02	    1.930258E+02	    4.048760E+03	
    1.060851E-02	    3.305525E-04	    2.975735E-01	   -1.000000E+00	    1.755508E-02	    1.200000E-02	    8.750000E+02	    3.703385E-02	    1.463373E-02	    3.457517E+02	    1.125012E+04	
    1.171577E-02	    1.527570E-04	    1.620016E-01	   -1.000000E+00	    1.298466E-02	    1.200000E-02	    8.750000E+02	    6.564424E-03	    6.610657E-03	    8.811625E+02	    2.887428E+04	
    1.226229E-02	    5.831598E-05	    6.260529E-02	   -1.000000E+00	    1.209449E-02	    1.200000E-02	    8.750000E+02	    6.299043E-04	    2.262079E-03	    3.142253E+03	    5.216590E+04	
    1.247922E-02	    1.959872E-05	    1.533442E-02	   -1.000000E+00	    1.209872E-02	    1.200000E-02	    8.750000E+02	    6.581025E-04	    4.899719E-03	    6.514569E+03	    1.029989E+05	
    1.252631E-02	    1.110221E-05	    0.000000E+00	   -1.000000E+00	    1.200000E-02	    1.200000E-02	    8.750000E+02	    0.000000E+00	    0.000000E+00	    0.000000E+00	    0.000000E+00	
   -1.252549E-02	    4.720548E-06	    0.000000E+00	   -1.000000E+00	    1.200000E-02	    1.200000E-02	    8.750000E+02	    0.000000E+00	    0.000000E+00	    0.000000E+00	    0.000000E+00	
   -1.247779E-02	    8.332761E-06	    1.533521E-02	   -1.000000E+00	    1.209724E-02	    1.200000E-02	    8.750000E+02	    6.482380E-04	    4.754791E-03	    6.418078E+03	    1.065218E+05	
   -1.225809E-02	    2.478850E-05	    6.455043E-02	   -1.000000E+00	    1.210421E-02	    1.200000E-02	    8.750000E+02	    6.947662E-04	    2.346911E-03	    2.955738E+03	    5.397852E+04	
   -1.170527E-02	    6.489674E-05	    1.683325E-01	   -1.000000E+00	    1.316261E-02	    1.200000E-02	    8.750000E+02	    7.750715E-03	    7.353085E-03	    8.301104E+02	    2.845364E+04	
   -1.058795E-02	    1.402844E-04	    3.081299E-01	   -1.000000E+00	    1.806672E-02	    1.200000E-02	    8.750000E+02	    4.044482E-02	    1.538882E-02	    3.329282E+02	    1.070489E+04	
   -8.838420E-03	    2.430926E-04	    4.267631E-01	   -1.000000E+00	    2.538337E-02	    1.200000E-02	    8.750000E+02	    8.922250E-02	    1.904700E-02	    1.867928E+02	    3.778459E+03	
   -6.708748E-03	    3.431877E-04	    5.079811E-01	   -1.000000E+00	    3.172470E-02	    1.200000E-02	    8.750000E+02	    1.314980E-01	    1.921493E-02	    1.278580E+02	    1.688245E+03	
   -4.607355E-03	    4.150377E-04	    5.551121E-01	   -1.000000E+00	    3.579157E-02	    1.200000E-02	    8.750000E+02	    1.586104E-01	    1.838611E-02	    1.014299E+02	    9.767773E+02	
   -2.821662E-03	    4.551072E-04	    5.784384E-01	   -1.000000E+00	    3.790053E-02	    1.200000E-02	    8.750000E+02	    1.726702E-01	    1.771014E-02	    8.974547E+01	    7.071610E+02	
   -1.439354E-03	    4.728948E-04	    5.881125E-01	   -1.000000E+00	    3.879612E-02	    1.200000E-02	    8.750000E+02	    1.786408E-01	    1.737500E-02	    8.510442E+01	    6.064570E+02	
   -4.244757E-04	    4.786068E-04	    5.910302E-01	   -1.000000E+00	    3.906917E-02	    1.200000E-02	    8.750000E+02	    1.804611E-01	    1.726694E-02	    8.372204E+01	    5.759653E+02	
    4.244757E-04	    4.786068E-04	    5.910306E-01	   -1.000000E+00	    3.906912E-02	    1.200000E-02	    8.750000E+02	    1.804608E-01	    1.726690E-02	    8.372199E+01	    5.759644E+02	
    1.439354E-03	    4.728948E-04	    5.881139E-01	   -1.000000E+00	    3.879597E-02	    1.200000E-02	    8.750000E+02	    1.786398E-01	    1.737487E-02	    8.510425E+01	    6.064541E+02	
    2.821662E-03	    4.551072E-04	    5.784414E-01	   -1.000000E+00	    3.790024E-02	    1.200000E-02	    8.750000E+02	    1.726682E-01	    1.770987E-02	    8.974514E+01	    7.071548E+02	
    4.607355E-03	    4.150377E-04	    5.551171E-01	   -1.000000E+00	    3.579106E-02	    1.200000E-02	    8.750000E+02	    1.586070E-01	    1.838562E-02	    1.014294E+02	    9.767650E+02	
    6.708748E-03	    3.431877E-04	    5.079889E-01	   -1.000000E+00	    3.172387E-02	    1.200000E-02	    8.750000E+02	    1.314925E-01	    1.921405E-02	    1.278574E+02	    1.688222E+03	
    8.838420E-03	    2.430926E-04	    4.267744E-01	   -1.000000E+00	    2.538202E-02	    1.200000E-02	    8.750000E+02	    8.921348E-02	    1.904527E-02	    1.867948E+02	    3.778444E+03	
    1.058795E-02	    1.402844E-04	    3.081446E-01	   -1.000000E+00	    1.806456E-02	    1.200000E-02	    8.750000E+02	    4.043043E-02	    1.538496E-02	    3.329631E+02	    1.070469E+04	
    1.170527E-02	    6.489674E-05	    1.683551E-01	   -1.000000E+00	    1.316087E-02	    1.200000E-02	    8.750000E+02	    7.739105E-03	    7.346919E-03	    8.306586E+02	    2.843716E+04	
    1.225809E-02	    2.478850E-05	    6.465174E-02	   -1.000000E+00	    1.210437E-02	    1.200000E-02	    8.750000E+02	    6.957717E-04	    2.356332E-03	    2.963315E+03	    5.369211E+04	
    1.247779E-02	    8.332761E-06	    1.581388E-02	   -1.000000E+00	    1.209825E-02	    1.200000E-02	    8.750000E+02	    6.550249E-04	    4.854875E-03	    6.485274E+03	    1.084386E+05	
    1.252549E-02	    4.720548E-06	    0.000000E+00	   -1.000000E+00	    1.200000E-02	    1.200000E-02	    8.750000E+02	    0.000000E+00	    0.000000E+00	    0.000000E+00	    0.000000E+00	
   -1.252533E-02	    1.205035E-06	    0.000000E+00	   -1.000000E+00	    1.200000E-02	    1.200000E-02	    8.750000E+02	    0.000000E+00	    0.000000E+00	    0.000000E+00	    0.000000E+00	
   -1.247749E-02	    2.127120E-06	    1.549237E-02	   -1.000000E+00	    1.209686E-02	    1.200000E-02	    8.750000E+02	    6.457184E-04	    4.718074E-03	    6.393368E+03	    1.091620E+05	
   -1.225723E-02	    6.327511E-06	    6.541004E-02	   -1.000000E+00	    1.210876E-02	    1.200000E-02	    8.750000E+02	    7.250565E-04	    2.386115E-03	    2.879570E+03	    5.623474E+04	
   -1.170312E-02	    1.656366E-05	    1.712995E-01	   -1.000000E+00	    1.326116E-02	    1.200000E-02	    8.750000E+02	    8.407758E-03	    7.750724E-03	    8.066221E+02	    3.050603E+04	
   -1.058375E-02	    3.579731E-05	    3.132897E-01	   -1.000000E+00	    1.833045E-02	    1.200000E-02	    8.750000E+02	    4.220302E-02	    1.577074E-02	    3.269766E+02	    1.127193E+04	
   -8.832350E-03	    6.201355E-05	    4.331464E-01	   -1.000000E+00	    2.566697E-02	    1.200000E-02	    8.750000E+02	    9.111315E-02	    1.915039E-02	    1.839097E+02	    3.887475E+03	
   -6.702245E-03	    8.752330E-05	    5.152467E-01	   -1.000000E+00	    3.197437E-02	    1.200000E-02	    8.750000E+02	    1.331625E-01	    1.913583E-02	    1.257400E+02	    1.723733E+03	
   -4.601955E-03	    1.058258E-04	    5.629651E-01	   -1.000000E+00	    3.600449E-02	    1.200000E-02	    8.750000E+02	    1.600299E-01	    1.820858E-02	    9.955953E+01	    9.958854E+02	
   -2.818036E-03	    1.160295E-04	    5.866083E-01	   -1.000000E+00	    3.808981E-02	    1.200000E-02	    8.750000E+02	    1.739320E-01	    1.748432E-02	    8.795836E+01	    7.210456E+02	
   -1.437432E-03	    1.205584E-04	    5.964192E-01	   -1.000000E+00	    3.897436E-02	    1.200000E-02	    8.750000E+02	    1.798291E-01	    1.712892E-02	    8.334473E+01	    6.184488E+02	
   -4.239021E-04	    1.220126E-04	    5.993787E-01	   -1.000000E+00	    3.924391E-02	    1.200000E-02	    8.750000E+02	    1.816261E-01	    1.701469E-02	    8.196983E+01	    5.873703E+02	
    4.239021E-04	    1.220126E-04	    5.993792E-01	   -1.000000E+00	    3.924387E-02	    1.200000E-02	    8.750000E+02	    1.816258E-01	    1.701465E-02	    8.196977E+01	    5.873694E+02	
    1.437432E-03	    1.205584E-04	    5.964207E-01	   -1.000000E+00	    3.897421E-02	    1.200000E-02	    8.750000E+02	    1.798280E-01	    1.712878E-02	    8.334453E+01	    6.184459E+02	
    2.818036E-03	    1.160295E-04	    5.866114E-01	   -1.000000E+00	    3.808950E-02	    1.200000E-02	    8.750000E+02	    1.739300E-01	    1.748403E-02	    8.795798E+01	    7.210394E+02	
    4.601955E-03	    1.058258E-04	    5.629702E-01	   -1.000000E+00	    3.600396E-02	    1.200000E-02	    8.750000E+02	    1.600264E-01	    1.820807E-02	    9.955891E+01	    9.958735E+02	
    6.702245E-03	    8.752330E-05	    5.152547E-01	   -1.000000E+00	    3.197352E-02	    1.200000E-02	    8.750000E+02	    1.331568E-01	    1.913491E-02	    1.257393E+02	    1.723711E+03	
    8.832350E-03	    6.201355E-05	    4.331581E-01	   -1.000000E+00	    2.566560E-02	    1.200000E-02	    8.750000E+02	    9.110401E-02	    1.914862E-02	    1.839112E+02	    3.887479E+03	
    1.058375E-02	    3.579731E-05	    3.133049E-01	   -1.000000E+00	    1.832827E-02	    1.200000E-02	    8.750000E+02	    4.218848E-02	    1.576688E-02	    3.270091E+02	    1.127195E+04	
    1.170312E-02	    1.656366E-05	    1.713217E-01	   -1.000000E+00	    1.325930E-02	    1.200000E-02	    8.750000E+02	    8.395314E-03	    7.744247E-03	    8.071427E+02	    3.048895E+04	
    1.225723E-02	    6.327511E-06	    6.551148E-02	   -1.000000E+00	    1.210889E-02	    1.200000E-02	    8.750000E+02	    7.259193E-04	    2.395055E-03	    2.886923E+03	    5.591000E+04	
    1.247749E-02	    2.127120E-06	    1.601361E-02	   -1.000000E+00	    1.209787E-02	    1.200000E-02	    8.750000E+02	    6.524603E-04	    4.817111E-03	    6.460120E+03	    1.109436E+05	
    1.252533E-02	    1.205035E-06	    0.000000E+00	    1.000000E+00	    1.000000E-03	    1.000000E-03	    9.980000E+02	    0.000000E+00	    0.000000E+00	    0.000000E+00	    0.000000E+00	
   -1.252533E-02	   -1.428240E-06	    0.000000E+00	    1.000000E+00	    1.000000E-03	    1.000000E-03	    9.980000E+02	    0.000000E+00	    0.000000E+00	    0.000000E+00	    0.000000E+00	
   -1.247750E-02	   -2.521120E-06	    1.564814E-02	    1.000000E+00	    1.109828E-03	    1.000000E-03	    9.980000E+02	    7.321876E-04	    4.663133E-03	    6.356031E+03	    1.254190E+05	
   -1.225726E-02	   -7.499547E-06	    6.633216E-02	    1.000000E+00	    1.129843E-03	    1.000000E-03	    9.980000E+02	    8.656195E-04	    2.425816E-03	    2.796800E+03	    1.076104E+05	
   -1.170319E-02	   -1.963179E-05	    1.745098E-01	    1.000000E+00	    2.559203E-03	    1.000000E-03	    9.980000E+02	    1.039469E-02	    8.163002E-03	    7.837344E+02	    5.569158E+04	
   -1.058387E-02	   -4.242838E-05	    3.181232E-01	    1.000000E+00	    8.465218E-03	    1.000000E-03	    9.980000E+02	    4.976812E-02	    1.607304E-02	    3.223126E+02	    1.426477E+04	
   -8.832521E-03	   -7.350151E-05	    4.385660E-01	    1.000000E+00	    1.682105E-02	    1.000000E-03	    9.980000E+02	    1.054736E-01	    1.921716E-02	    1.818343E+02	    4.437120E+03	
   -6.702428E-03	   -1.037377E-04	    5.211722E-01	    1.000000E+00	    2.397393E-02	    1.000000E-03	    9.980000E+02	    1.531595E-01	    1.906760E-02	    1.242461E+02	    1.931961E+03	
   -4.602107E-03	   -1.254316E-04	    5.692753E-01	    1.000000E+00	    2.853458E-02	    1.000000E-03	    9.980000E+02	    1.835639E-01	    1.806945E-02	    9.824000E+01	    1.123253E+03	
   -2.818138E-03	   -1.375262E-04	    5.931376E-01	    1.000000E+00	    3.089115E-02	    1.000000E-03	    9.980000E+02	    1.992743E-01	    1.731039E-02	    8.669343E+01	    8.223345E+02	
   -1.437486E-03	   -1.428943E-04	    6.030449E-01	    1.000000E+00	    3.189004E-02	    1.000000E-03	    9.980000E+02	    2.059336E-01	    1.694033E-02	    8.209661E+01	    7.106103E+02	
   -4.239183E-04	   -1.446181E-04	    6.060341E-01	    1.000000E+00	    3.219432E-02	    1.000000E-03	    9.980000E+02	    2.079621E-01	    1.682162E-02	    8.072611E+01	    6.768458E+02	
    4.239183E-04	   -1.446181E-04	    6.060346E-01	    1.000000E+00	    3.219427E-02	    1.000000E-03	    9.980000E+02	    2.079618E-01	    1.682158E-02	    8.072605E+01	    6.768455E+02	
    1.437486E-03	   -1.428943E-04	    6.030465E-01	    1.000000E+00	    3.188985E-02	    1.000000E-03	    9.980000E+02	    2.059323E-01	    1.694018E-02	    8.209640E+01	    7.106093E+02	
    2.818138E-03	   -1.375262E-04	    5.931407E-01	    1.000000E+00	    3.089078E-02	    1.000000E-03	    9.980000E+02	    1.992719E-01	    1.731010E-02	    8.669300E+01	    8.223324E+02	
    4.602107E-03	   -1.254316E-04	    5.692806E-01	    1.000000E+00	    2.853397E-02	    1.000000E-03	    9.980000E+02	    1.835598E-01	    1.806892E-02	    9.823931E+01	    1.123250E+03	
    6.702428E-03	   -1.037377E-04	    5.211804E-01	    1.000000E+00	    2.397294E-02	    1.000000E-03	    9.980000E+02	    1.531530E-01	    1.906666E-02	    1.242452E+02	    1.931965E+03	
    8.832521E-03	   -7.350151E-05	    4.385781E-01	    1.000000E+00	    1.681947E-02	    1.000000E-03	    9.980000E+02	    1.054632E-01	    1.921537E-02	    1.818355E+02	    4.437255E+03	
    1.058387E-02	   -4.242838E-05	    3.181389E-01	    1.000000E+00	    8.462736E-03	    1.000000E-03	    9.980000E+02	    4.975158E-02	    1.606919E-02	    3.223426E+02	    1.426649E+04	
    1.170319E-02	   -1.963179E-05	    1.745318E-01	    1.000000E+00	    2.556962E-03	    1.000000E-03	    9.980000E+02	    1.037975E-02	    8.156295E-03	    7.842177E+02	    5.569758E+04	
    1.225726E-02	   -7.499547E-06	    6.643301E-02	    1.000000E+00	    1.129958E-03	    1.000000E-03	    9.980000E+02	    8.663870E-04	    2.434075E-03	    2.803835E+03	    1.072107E+05	
    1.247750E-02	   -2.521120E-06	    1.616434E-02	    1.000000E+00	    1.110967E-03	    1.000000E-03	    9.980000E+02	    7.397820E-04	    4.760368E-03	    6.421956E+03	    1.261234E+05	
    1.252533E-02	   -1.428240E-06	    0.000000E+00	    1.000000E+00	    1.000000E-03	    1.000000E-03	    9.980000E+02	    0.000000E+00	    0.000000E+00	    0.000000E+00	    0.000000E+00	
   -1.252556E-02	   -5.592905E-06	    0.000000E+00	    1.000000E+00	    1.000000E-03	    1.000000E-03	    9.980000E+02	    0.000000E+00	    0.000000E+00	    0.000000E+00	    0.000000E+00	
   -1.247791E-02	   -9.872699E-06	    1.715699E-02	    1.000000E+00	    1.104937E-03	    1.000000E-03	    9.980000E+02	    6.995788E-04	    4.256805E-03	    6.072642E+03	    1.783498E+05	
   -1.225847E-02	   -2.937013E-05	    7.490701E-02	    1.000000E+00	    1.182394E-03	    1.000000E-03	    9.980000E+02	    1.215960E-03	    2.800473E-03	    2.298491E+03	    1.932009E+05	
   -1.170620E-02	   -7.689532E-05	    1.893022E-01	    1.000000E+00	    2.899975E-03	    1.000000E-03	    9.980000E+02	    1.266650E-02	    9.248552E-03	    7.286981E+02	    7.675464E+04	
   -1.058977E-02	   -1.662365E-04	    3.295816E-01	    1.000000E+00	    8.861711E-03	    1.000000E-03	    9.980000E+02	    5.241141E-02	    1.651284E-02	    3.144318E+02	    1.508670E+04	
   -8.841050E-03	   -2.881002E-04	    4.488810E-01	    1.000000E+00	    1.713539E-02	    1.000000E-03	    9.980000E+02	    1.075693E-01	    1.925481E-02	    1.786411E+02	    4.472582E+03	
   -6.711566E-03	   -4.067772E-04	    5.316883E-01	    1.000000E+00	    2.420069E-02	    1.000000E-03	    9.980000E+02	    1.546713E-01	    1.890739E-02	    1.219979E+02	    1.938243E+03	
   -4.609695E-03	   -4.919836E-04	    5.802145E-01	    1.000000E+00	    2.869581E-02	    1.000000E-03	    9.980000E+02	    1.846387E-01	    1.780726E-02	    9.625092E+01	    1.128678E+03	
   -2.823234E-03	   -5.395082E-04	    6.043643E-01	    1.000000E+00	    3.101454E-02	    1.000000E-03	    9.980000E+02	    2.000969E-01	    1.699773E-02	    8.477759E+01	    8.279655E+02	
   -1.440187E-03	   -5.606068E-04	    6.144053E-01	    1.000000E+00	    3.199649E-02	    1.000000E-03	    9.980000E+02	    2.066433E-01	    1.660622E-02	    8.020106E+01	    7.162699E+02	
   -4.247244E-04	   -5.673823E-04	    6.174363E-01	    1.000000E+00	    3.229549E-02	    1.000000E-03	    9.980000E+02	    2.086366E-01	    1.648094E-02	    7.883553E+01	    6.824757E+02	
    4.247244E-04	   -5.673823E-04	    6.174368E-01	    1.000000E+00	    3.229544E-02	    1.000000E-03	    9.980000E+02	    2.086362E-01	    1.648089E-02	    7.883545E+01	    6.824754E+02	
    1.440187E-03	   -5.606068E-04	    6.144069E-01	    1.000000E+00	    3.199630E-02	    1.000000E-03	    9.980000E+02	    2.066420E-01	    1.660607E-02	    8.020081E+01	    7.162688E+02	
    2.823234E-03	   -5.395082E-04	    6.043676E-01	    1.000000E+00	    3.101416E-02	    1.000000E-03	    9.980000E+02	    2.000944E-01	    1.699741E-02	    8.477709E+01	    8.279633E+02	
    4.609695E-03	   -4.919836E-04	    5.802201E-01	    1.000000E+00	    2.869517E-02	    1.000000E-03	    9.980000E+02	    1.846345E-01	    1.780670E-02	    9.625011E+01	    1.128674E+03	
    6.711566E-03	   -4.067772E-04	    5.316970E-01	    1.000000E+00	    2.419968E-02	    1.000000E-03	    9.980000E+02	    1.546646E-01	    1.890640E-02	    1.219968E+02	    1.938245E+03	
    8.841050E-03	   -2.881002E-04	    4.488941E-01	    1.000000E+00	    1.713382E-02	    1.000000E-03	    9.980000E+02	    1.075588E-01	    1.925297E-02	    1.786416E+02	    4.472706E+03	
    1.058977E-02	   -1.662365E-04	    3.296001E-01	    1.000000E+00	    8.859278E-03	    1.000000E-03	    9.980000E+02	    5.239519E-02	    1.650903E-02	    3.144567E+02	    1.508890E+04	
    1.170620E-02	   -7.689532E-05	    1.893319E-01	    1.000000E+00	    2.897661E-03	    1.000000E-03	    9.980000E+02	    1.265107E-02	    9.241964E-03	    7.290670E+02	    7.678782E+04	
    1.225847E-02	   -2.937013E-05	    7.500174E-02	    1.000000E+00	    1.182221E-03	    1.000000E-03	    9.980000E+02	    1.214805E-03	    2.804200E-03	    2.303737E+03	    1.927238E+05	
    1.247791E-02	   -9.872699E-06	    1.762427E-02	    1.000000E+00	    1.105974E-03	    1.000000E-03	    9.980000E+02	    7.064940E-04	    4.341377E-03	    6.132670E+03	    1.775933E+05	
    1.252556E-02	   -5.592905E-06	    0.000000E+00	    1.000000E+00	    1.000000E-03	    1.000000E-03	    9.980000E+02	    0.000000E+00	    0.000000E+00	    0.000000E+00	    0.000000E+00	
   -1.252671E-02	   -1.313066E-05	    0.000000E+00	    1.000000E+00	    1.000000E-03	    1.000000E-03	    9.980000E+02	    0.000000E+00	    0.000000E+00	    0.000000E+00	    0.000000E+00	
   -1.247993E-02	   -2.318010E-05	    1.964999E-02	    1.000000E+00	    1.097569E-03	    1.000000E-03	    9.980000E+02	    6.504592E-04	    3.679094E-03	    5.644836E+03	    2.178516E+05	
   -1.226436E-02	   -6.898009E-05	    8.796695E-02	    1.000000E+00	    1.289795E-03	    1.000000E-03	    9.980000E+02	    1.931966E-03	    3.432342E-03	    1.773053E+03	    1.511664E+05	
   -1.172094E-02	   -1.807406E-04	    2.094780E-01	    1.000000E+00	    3.375953E-03	    1.000000E-03	    9.980000E+02	    1.583968E-02	    1.035648E-02	    6.525238E+02	    5.040845E+04	
   -1.061864E-02	   -3.913075E-04	    3.466977E-01	    1.000000E+00	    9.364762E-03	    1.000000E-03	    9.980000E+02	    5.576508E-02	    1.683687E-02	    3.013211E+02	    1.174436E+04	
   -8.882909E-03	   -6.795229E-04	    4.651440E-01	    1.000000E+00	    1.744207E-02	    1.000000E-03	    9.980000E+02	    1.096138E-01	    1.904087E-02	    1.733612E+02	    3.750884E+03	
   -6.756520E-03	   -9.613134E-04	    5.488983E-01	    1.000000E+00	    2.431064E-02	    1.000000E-03	    9.980000E+02	    1.554043E-01	    1.840853E-02	    1.182188E+02	    1.653371E+03	
   -4.647091E-03	   -1.164310E-03	    5.985622E-01	    1.000000E+00	    2.866151E-02	    1.000000E-03	    9.980000E+02	    1.844101E-01	    1.714909E-02	    9.280830E+01	    9.560318E+02	
   -2.848370E-03	   -1.277782E-03	    6.234436E-01	    1.000000E+00	    3.089755E-02	    1.000000E-03	    9.980000E+02	    1.993170E-01	    1.625571E-02	    8.139396E+01	    6.921312E+02	
   -1.453515E-03	   -1.328215E-03	    6.338214E-01	    1.000000E+00	    3.184262E-02	    1.000000E-03	    9.980000E+02	    2.056174E-01	    1.582740E-02	    7.682105E+01	    5.931003E+02	
   -4.287030E-04	   -1.344418E-03	    6.369577E-01	    1.000000E+00	    3.213014E-02	    1.000000E-03	    9.980000E+02	    2.075343E-01	    1.569070E-02	    7.545413E+01	    5.629070E+02	
    4.287030E-04	   -1.344418E-03	    6.369583E-01	    1.000000E+00	    3.213008E-02	    1.000000E-03	    9.980000E+02	    2.075339E-01	    1.569065E-02	    7.545404E+01	    5.629058E+02	
    1.453515E-03	   -1.328215E-03	    6.338232E-01	    1.000000E+00	    3.184241E-02	    1.000000E-03	    9.980000E+02	    2.056160E-01	    1.582723E-02	    7.682073E+01	    5.930958E+02	
    2.848370E-03	   -1.277782E-03	    6.234472E-01	    1.000000E+00	    3.089714E-02	    1.000000E-03	    9.980000E+02	    1.993142E-01	    1.625536E-02	    8.139332E+01	    6.921217E+02	
    4.647091E-03	   -1.164310E-03	    5.985683E-01	    1.000000E+00	    2.866083E-02	    1.000000E-03	    9.980000E+02	    1.844055E-01	    1.714847E-02	    9.280724E+01	    9.560121E+02	
    6.756520E-03	   -9.613134E-04	    5.489078E-01	    1.000000E+00	    2.430959E-02	    1.000000E-03	    9.980000E+02	    1.553973E-01	    1.840746E-02	    1.182173E+02	    1.653327E+03	
    8.882909E-03	   -6.795229E-04	    4.651586E-01	    1.000000E+00	    1.744050E-02	    1.000000E-03	    9.980000E+02	    1.096033E-01	    1.903893E-02	    1.733602E+02	    3.750789E+03	
    1.061864E-02	   -3.913075E-04	    3.467198E-01	    1.000000E+00	    9.362431E-03	    1.000000E-03	    9.980000E+02	    5.574954E-02	    1.683302E-02	    3.013363E+02	    1.174447E+04	
    1.172094E-02	   -1.807406E-04	    2.095159E-01	    1.000000E+00	    3.373593E-03	    1.000000E-03	    9.980000E+02	    1.582395E-02	    1.034981E-02	    6.527518E+02	    5.041190E+04	
    1.226436E-02	   -6.898009E-05	    8.805440E-02	    1.000000E+00	    1.289151E-03	    1.000000E-03	    9.980000E+02	    1.927671E-03	    3.431104E-03	    1.776362E+03	    1.508100E+05	
    1.247993E-02	   -2.318010E-05	    2.003803E-02	    1.000000E+00	    1.098435E-03	    1.000000E-03	    9.980000E+02	    6.562319E-04	    3.744685E-03	    5.694932E+03	    2.177970E+05	
    1.252671E-02	   -1.313066E-05	    0.000000E+00	    1.000000E+00	    1.000000E-03	    1.000000E-03	    9.980000E+02	    0.000000E+00	    0.000000E+00	    0.000000E+00	    0.000000E+00	
   -1.253055E-02	   -2.502060E-05	    0.000000E+00	    1.000000E+00	    1.000000E-03	    1.000000E-03	    9.980000E+02	    0.000000E+00	    0.000000E+00	    0.000000E+00	    0.000000E+00	
   -1.248668E-02	   -4.418027E-05	    2.269603E-02	    1.000000E+00	    1.089008E-03	    1.000000E-03	    9.980000E+02	    5.933881E-04	    3.059217E-03	    5.145197E+03	    2.656105E+05	
   -1.228413E-02	   -1.316138E-04	    1.020981E-01	    1.000000E+00	    1.441233E-03	    1.000000E-03	    9.980000E+02	    2.941555E-03	    4.123985E-03	    1.399170E+03	    1.113882E+05	
   -1.177058E-02	   -3.457555E-04	    2.294527E-01	    1.000000E+00	    3.839011E-03	    1.000000E-03	    9.980000E+02	    1.892674E-02	    1.101272E-02	    5.806965E+02	    3.298753E+04	
   -1.071647E-02	   -7.522797E-04	    3.656501E-01	    1.000000E+00	    9.665349E-03	    1.000000E-03	    9.980000E+02	    5.776899E-02	    1.661856E-02	    2.870974E+02	    8.810550E+03	
   -9.025999E-03	   -1.315293E-03	    4.850077E-01	    1.000000E+00	    1.727370E-02	    1.000000E-03	    9.980000E+02	    1.084913E-01	    1.821324E-02	    1.675417E+02	    2.985281E+03	
   -6.911526E-03	   -1.873243E-03	    5.717208E-01	    1.000000E+00	    2.370165E-02	    1.000000E-03	    9.980000E+02	    1.513443E-01	    1.722138E-02	    1.135618E+02	    1.308958E+03	
   -4.776845E-03	   -2.279854E-03	    6.242814E-01	    1.000000E+00	    2.772776E-02	    1.000000E-03	    9.980000E+02	    1.781851E-01	    1.572450E-02	    8.807163E+01	    7.288792E+02	
   -2.935890E-03	   -2.508871E-03	    6.509898E-01	    1.000000E+00	    2.977266E-02	    1.000000E-03	    9.980000E+02	    1.918177E-01	    1.469030E-02	    7.643154E+01	    5.052097E+02	
   -1.499995E-03	   -2.611060E-03	    6.622100E-01	    1.000000E+00	    3.063089E-02	    1.000000E-03	    9.980000E+02	    1.975393E-01	    1.419640E-02	    7.172249E+01	    4.202444E+02	
   -4.425846E-04	   -2.643944E-03	    6.656102E-01	    1.000000E+00	    3.089120E-02	    1.000000E-03	    9.980000E+02	    1.992747E-01	    1.403886E-02	    7.030887E+01	    3.940350E+02	
    4.425846E-04	   -2.643944E-03	    6.656108E-01	    1.000000E+00	    3.089113E-02	    1.000000E-03	    9.980000E+02	    1.992742E-01	    1.403880E-02	    7.030874E+01	    3.940324E+02	
    1.499995E-03	   -2.611060E-03	    6.622120E-01	    1.000000E+00	    3.063065E-02	    1.000000E-03	    9.980000E+02	    1.975377E-01	    1.419620E-02	    7.172205E+01	    4.202352E+02	
    2.935890E-03	   -2.508871E-03	    6.509938E-01	    1.000000E+00	    2.977219E-02	    1.000000E-03	    9.980000E+02	    1.918146E-01	    1.468990E-02	    7.643067E+01	    5.051899E+02	
    4.776845E-03	   -2.279854E-03	    6.242881E-01	    1.000000E+00	    2.772701E-02	    1.000000E-03	    9.980000E+02	    1.781801E-01	    1.572379E-02	    8.807016E+01	    7.288383E+02	
    6.911526E-03	   -1.873243E-03	    5.717313E-01	    1.000000E+00	    2.370055E-02	    1.000000E-03	    9.980000E+02	    1.513370E-01	    1.722020E-02	    1.135595E+02	    1.308862E+03	
    9.025999E-03	   -1.315293E-03	    4.850237E-01	    1.000000E+00	    1.727217E-02	    1.000000E-03	    9.980000E+02	    1.084811E-01	    1.821118E-02	    1.675385E+02	    2.984989E+03	
    1.071647E-02	   -7.522797E-04	    3.656751E-01	    1.000000E+00	    9.663247E-03	    1.000000E-03	    9.980000E+02	    5.775498E-02	    1.661469E-02	    2.871001E+02	    8.809241E+03	
    1.177058E-02	   -3.457555E-04	    2.294953E-01	    1.000000E+00	    3.836783E-03	    1.000000E-03	    9.980000E+02	    1.891189E-02	    1.100608E-02	    5.808023E+02	    3.297771E+04	
    1.228413E-02	   -1.316138E-04	    1.021775E-01	    1.000000E+00	    1.440154E-03	    1.000000E-03	    9.980000E+02	    2.934361E-03	    4.119433E-03	    1.401053E+03	    1.111447E+05	
    1.248668E-02	   -4.418027E-05	    2.297988E-02	    1.000000E+00	    1.089639E-03	    1.000000E-03	    9.980000E+02	    5.975912E-04	    3.102709E-03	    5.181642E+03	    2.663522E+05	
    1.253055E-02	   -2.502060E-05	    0.000000E+00	    1.000000E+00	    1.000000E-03	    1.000000E-03	    9.980000E+02	    0.000000E+00	    0.000000E+00	    0.000000E+00	    0.000000E+00	
   -1.253965E-02	   -3.979466E-05	    0.000000E+00	    1.000000E+00	    1.000000E-03	    1.000000E-03	    9.980000E+02	    0.000000E+00	    0.000000E+00	    0.000000E+00	    0.000000E+00	
   -1.250270E-02	   -7.030676E-05	    2.395426E-02	    1.000000E+00	    1.081054E-03	    1.000000E-03	    9.980000E+02	    5.403581E-04	    2.531768E-03	    4.675982E+03	    2.882564E+05	
   -1.233120E-02	   -2.099782E-04	    1.080260E-01	    1.000000E+00	    1.517285E-03	    1.000000E-03	    9.980000E+02	    3.448570E-03	    4.374264E-03	    1.265892E+03	    9.793204E+04	
   -1.188980E-02	   -5.550829E-04	    2.378346E-01	    1.000000E+00	    3.928225E-03	    1.000000E-03	    9.980000E+02	    1.952150E-02	    1.097066E-02	    5.608542E+02	    2.761551E+04	
   -1.095550E-02	   -1.222282E-03	    3.752137E-01	    1.000000E+00	    9.157096E-03	    1.000000E-03	    9.980000E+02	    5.438064E-02	    1.576262E-02	    2.892775E+02	    7.621436E+03	
   -9.383963E-03	   -2.173328E-03	    4.984145E-01	    1.000000E+00	    1.582075E-02	    1.000000E-03	    9.980000E+02	    9.880497E-02	    1.677590E-02	    1.694484E+02	    2.551873E+03	
   -7.308588E-03	   -3.148223E-03	    5.916408E-01	    1.000000E+00	    2.138944E-02	    1.000000E-03	    9.980000E+02	    1.359296E-01	    1.536177E-02	    1.127867E+02	    1.031418E+03	
   -5.115056E-03	   -3.879968E-03	    6.505071E-01	    1.000000E+00	    2.473058E-02	    1.000000E-03	    9.980000E+02	    1.582039E-01	    1.348501E-02	    8.506774E+01	    4.925260E+02	
   -3.166276E-03	   -4.300305E-03	    6.813449E-01	    1.000000E+00	    2.631998E-02	    1.000000E-03	    9.980000E+02	    1.687999E-01	    1.217804E-02	    7.200055E+01	    2.813118E+02	
   -1.622891E-03	   -4.489813E-03	    6.945224E-01	    1.000000E+00	    2.695273E-02	    1.000000E-03	    9.980000E+02	    1.730182E-01	    1.154525E-02	    6.659507E+01	    1.999203E+02	
   -4.793405E-04	   -4.551054E-03	    6.985439E-01	    1.000000E+00	    2.713962E-02	    1.000000E-03	    9.980000E+02	    1.742641E-01	    1.134200E-02	    6.495494E+01	    1.745143E+02	
    4.793405E-04	   -4.551054E-03	    6.985446E-01	    1.000000E+00	    2.713954E-02	    1.000000E-03	    9.980000E+02	    1.742636E-01	    1.134193E-02	    6.495477E+01	    1.745099E+02	
    1.622891E-03	   -4.489813E-03	    6.945246E-01	    1.000000E+00	    2.695245E-02	    1.000000E-03	    9.980000E+02	    1.730163E-01	    1.154503E-02	    6.659450E+01	    1.999051E+02	
    3.166276E-03	   -4.300305E-03	    6.813493E-01	    1.000000E+00	    2.631945E-02	    1.000000E-03	    9.980000E+02	    1.687963E-01	    1.217760E-02	    7.199945E+01	    2.812809E+02	
    5.115056E-03	   -3.879968E-03	    6.505144E-01	    1.000000E+00	    2.472978E-02	    1.000000E-03	    9.980000E+02	    1.581985E-01	    1.348428E-02	    8.506596E+01	    4.924682E+02	
    7.308588E-03	   -3.148223E-03	    5.916517E-01	    1.000000E+00	    2.138839E-02	    1.000000E-03	    9.980000E+02	    1.359226E-01	    1.536061E-02	    1.127839E+02	    1.031299E+03	
    9.383963E-03	   -2.173328E-03	    4.984306E-01	    1.000000E+00	    1.581942E-02	    1.000000E-03	    9.980000E+02	    9.879612E-02	    1.677398E-02	    1.694442E+02	    2.551547E+03	
    1.095550E-02	   -1.222282E-03	    3.752384E-01	    1.000000E+00	    9.155450E-03	    1.000000E-03	    9.980000E+02	    5.436967E-02	    1.575921E-02	    2.892733E+02	    7.620117E+03	
    1.188980E-02	   -5.550829E-04	    2.378743E-01	    1.000000E+00	    3.926482E-03	    1.000000E-03	    9.980000E+02	    1.950988E-02	    1.096495E-02	    5.608965E+02	    2.760785E+04	
    1.233120E-02	   -2.099782E-04	    1.080912E-01	    1.000000E+00	    1.516231E-03	    1.000000E-03	    9.980000E+02	    3.441537E-03	    4.369092E-03	    1.266979E+03	    9.781639E+04	
    1.250270E-02	   -7.030676E-05	    2.413594E-02	    1.000000E+00	    1.081455E-03	    1.000000E-03	    9.980000E+02	    5.430352E-04	    2.556917E-03	    4.699148E+03	    2.894611E+05	
    1.253965E-02	   -3.979466E-05	    0.000000E+00	    1.000000E+00	    1.000000E-03	    1.000000E-03	    9.980000E+02	    0.000000E+00	    0.000000E+00	    0.000000E+00	    0.000000E+00	
   -1.255427E-02	   -5.268157E-05	    0.000000E+00	    1.000000E+00	    1.000000E-03	    1.000000E-03	    9.980000E+02	    0.000000E+00	    0.000000E+00	    0.000000E+00	    0.000000E+00	
   -1.252848E-02	   -9.315785E-05	    2.054408E-02	    1.000000E+00	    1.072849E-03	    1.000000E-03	    9.980000E+02	    4.856583E-04	    2.038552E-03	    4.189108E+03	    2.512233E+05	
   -1.240743E-02	   -2.793695E-04	    9.661244E-02	    1.000000E+00	    1.391376E-03	    1.000000E-03	    9.980000E+02	    2.609170E-03	    3.779106E-03	    1.445497E+03	    1.286992E+05	
   -1.208612E-02	   -7.461017E-04	    2.229370E-01	    1.000000E+00	    3.369289E-03	    1.000000E-03	    9.980000E+02	    1.579526E-02	    1.031322E-02	    6.516252E+02	    3.847276E+04	
   -1.136188E-02	   -1.676168E-03	    3.606093E-01	    1.000000E+00	    7.506171E-03	    1.000000E-03	    9.980000E+02	    4.337448E-02	    1.485958E-02	    3.419030E+02	    1.030765E+04	
   -1.002129E-02	   -3.068955E-03	    4.885780E-01	    1.000000E+00	    1.279798E-02	    1.000000E-03	    9.980000E+02	    7.865321E-02	    1.570947E-02	    1.993314E+02	    3.294430E+03	
   -8.050219E-03	   -4.585299E-03	    5.909472E-01	    1.000000E+00	    1.724768E-02	    1.000000E-03	    9.980000E+02	    1.083179E-01	    1.408951E-02	    1.298154E+02	    1.221584E+03	
   -5.770195E-03	   -5.787568E-03	    6.598396E-01	    1.000000E+00	    1.966934E-02	    1.000000E-03	    9.980000E+02	    1.244623E-01	    1.180125E-02	    9.462821E+01	    4.771291E+02	
   -3.622073E-03	   -6.504824E-03	    6.979897E-01	    1.000000E+00	    2.050976E-02	    1.000000E-03	    9.980000E+02	    1.300651E-01	    1.006854E-02	    7.725673E+01	    1.703132E+02	
   -1.868364E-03	   -6.834840E-03	    7.148892E-01	    1.000000E+00	    2.069956E-02	    1.000000E-03	    9.980000E+02	    1.313304E-01	    9.179345E-03	    6.975525E+01	    4.441706E+01	
   -5.529849E-04	   -6.942391E-03	    7.201337E-01	    1.000000E+00	    2.072888E-02	    1.000000E-03	    9.980000E+02	    1.315258E-01	    8.885513E-03	    6.742204E+01	    3.909328E+00	
    5.529849E-04	   -6.942391E-03	    7.201344E-01	    1.000000E+00	    2.072880E-02	    1.000000E-03	    9.980000E+02	    1.315253E-01	    8.885459E-03	    6.742189E+01	    3.904682E+00	
    1.868364E-03	   -6.834840E-03	    7.148915E-01	    1.000000E+00	    2.069932E-02	    1.000000E-03	    9.980000E+02	    1.313288E-01	    9.179166E-03	    6.975476E+01	    4.440201E+01	
    3.622073E-03	   -6.504824E-03	    6.979939E-01	    1.000000E+00	    2.050933E-02	    1.000000E-03	    9.980000E+02	    1.300622E-01	    1.006820E-02	    7.725587E+01	    1.702865E+02	
    5.770195E-03	   -5.787568E-03	    6.598463E-01	    1.000000E+00	    1.966874E-02	    1.000000E-03	    9.980000E+02	    1.244583E-01	    1.180072E-02	    9.462705E+01	    4.770908E+02	
    8.050219E-03	   -4.585299E-03	    5.909568E-01	    1.000000E+00	    1.724695E-02	    1.000000E-03	    9.980000E+02	    1.083130E-01	    1.408873E-02	    1.298141E+02	    1.221533E+03	
    1.002129E-02	   -3.068955E-03	    4.885918E-01	    1.000000E+00	    1.279714E-02	    1.000000E-03	    9.980000E+02	    7.864758E-02	    1.570825E-02	    1.993301E+02	    3.294378E+03	
    1.136188E-02	   -1.676168E-03	    3.606293E-01	    1.000000E+00	    7.505198E-03	    1.000000E-03	    9.980000E+02	    4.336799E-02	    1.485743E-02	    3.419045E+02	    1.030790E+04	
    1.208612E-02	   -7.461017E-04	    2.229662E-01	    1.000000E+00	    3.368289E-03	    1.000000E-03	    9.980000E+02	    1.578859E-02	    1.030946E-02	    6.516630E+02	    3.847816E+04	
    1.240743E-02	   -2.793695E-04	    9.665599E-02	    1.000000E+00	    1.390791E-03	    1.000000E-03	    9.980000E+02	    2.605273E-03	    3.775269E-03	    1.446189E+03	    1.287235E+05	
    1.252848E-02	   -9.315785E-05	    2.065047E-02	    1.000000E+00	    1.073104E-03	    1.000000E-03	    9.980000E+02	    4.873598E-04	    2.052861E-03	    4.203784E+03	    2.523799E+05	
    1.255427E-02	   -5.268157E-05	    0.000000E+00	    1.000000E+00	    1.000000E-03	    1.000000E-03	    9.980000E+02	    0.000000E+00	    0.000000E+00	    0.000000E+00	    0.000000E+00	
   -1.257010E-02	   -5.986599E-05	    0.000000E+00	    1.000000E+00	    1.000000E-03	    1.000000E-03	    9.980000E+02	    0.000000E+00	    0.000000E+00	    0.000000E+00	    0.000000E+00	
   -1.255645E-02	   -1.059649E-04	    1.373527E-02	    1.000000E+00	    1.064889E-03	    1.000000E-03	    9.980000E+02	    4.325956E-04	    1.611790E-03	    3.718406E+03	    1.751765E+05	
   -1.249088E-02	   -3.192008E-04	    6.875793E-02	    1.000000E+00	    1.152662E-03	    1.000000E-03	    9.980000E+02	    1.017749E-03	    2.318041E-03	    2.273060E+03	    2.023499E+05	
   -1.230567E-02	   -8.621650E-04	    1.811674E-01	    1.000000E+00	    2.395898E-03	    1.000000E-03	    9.980000E+02	    9.305987E-03	    8.819032E-03	    9.457776E+02	    8.605364E+04	
   -1.183630E-02	   -1.981788E-03	    3.135895E-01	    1.000000E+00	    5.243522E-03	    1.000000E-03	    9.980000E+02	    2.829015E-02	    1.421072E-02	    5.013158E+02	    2.399816E+04	
   -1.081497E-02	   -3.758948E-03	    4.417507E-01	    1.000000E+00	    9.105490E-03	    1.000000E-03	    9.980000E+02	    5.403660E-02	    1.595208E-02	    2.946184E+02	    7.867631E+03	
   -9.041608E-03	   -5.844934E-03	    5.501640E-01	    1.000000E+00	    1.273257E-02	    1.000000E-03	    9.980000E+02	    7.821714E-02	    1.507115E-02	    1.922981E+02	    3.141292E+03	
   -6.697046E-03	   -7.623649E-03	    6.278226E-01	    1.000000E+00	    1.492105E-02	    1.000000E-03	    9.980000E+02	    9.280701E-02	    1.308776E-02	    1.407392E+02	    1.498837E+03	
   -4.289262E-03	   -8.742486E-03	    6.731437E-01	    1.000000E+00	    1.569549E-02	    1.000000E-03	    9.980000E+02	    9.796991E-02	    1.134221E-02	    1.155409E+02	    8.514946E+02	
   -2.233390E-03	   -9.272682E-03	    6.938630E-01	    1.000000E+00	    1.585211E-02	    1.000000E-03	    9.980000E+02	    9.901404E-02	    1.038245E-02	    1.046486E+02	    5.954128E+02	
   -6.630611E-04	   -9.447639E-03	    7.003848E-01	    1.000000E+00	    1.586911E-02	    1.000000E-03	    9.980000E+02	    9.912737E-02	    1.005462E-02	    1.012285E+02	    5.150933E+02	
    6.630611E-04	   -9.447639E-03	    7.003852E-01	    1.000000E+00	    1.586908E-02	    1.000000E-03	    9.980000E+02	    9.912722E-02	    1.005461E-02	    1.012285E+02	    5.150939E+02	
    2.233390E-03	   -9.272682E-03	    6.938646E-01	    1.000000E+00	    1.585203E-02	    1.000000E-03	    9.980000E+02	    9.901354E-02	    1.038240E-02	    1.046487E+02	    5.954158E+02	
    4.289262E-03	   -8.742486E-03	    6.731468E-01	    1.000000E+00	    1.569535E-02	    1.000000E-03	    9.980000E+02	    9.796902E-02	    1.134213E-02	    1.155411E+02	    8.515051E+02	
    6.697046E-03	   -7.623649E-03	    6.278273E-01	    1.000000E+00	    1.492087E-02	    1.000000E-03	    9.980000E+02	    9.280577E-02	    1.308764E-02	    1.407398E+02	    1.498872E+03	
    9.041608E-03	   -5.844934E-03	    5.501709E-01	    1.000000E+00	    1.273234E-02	    1.000000E-03	    9.980000E+02	    7.821558E-02	    1.507098E-02	    1.922998E+02	    3.141412E+03	
    1.081497E-02	   -3.758948E-03	    4.417601E-01	    1.000000E+00	    9.105193E-03	    1.000000E-03	    9.980000E+02	    5.403462E-02	    1.595175E-02	    2.946231E+02	    7.868150E+03	
    1.183630E-02	   -1.981788E-03	    3.136024E-01	    1.000000E+00	    5.243153E-03	    1.000000E-03	    9.980000E+02	    2.828768E-02	    1.420991E-02	    5.013309E+02	    2.400128E+04	
    1.230567E-02	   -8.621650E-04	    1.811839E-01	    1.000000E+00	    2.395503E-03	    1.000000E-03	    9.980000E+02	    9.303354E-03	    8.817071E-03	    9.458348E+02	    8.607829E+04	
    1.249088E-02	   -3.192008E-04	    6.878146E-02	    1.000000E+00	    1.152493E-03	    1.000000E-03	    9.980000E+02	    1.016621E-03	    2.315981E-03	    2.273561E+03	    2.024717E+05	
    1.255645E-02	   -1.059649E-04	    1.379386E-02	    1.000000E+00	    1.065073E-03	    1.000000E-03	    9.980000E+02	    4.338214E-04	    1.620937E-03	    3.728942E+03	    1.761124E+05	
    1.257010E-02	   -5.986599E-05	    0.000000E+00	    1.000000E+00	    1.000000E-03	    1.000000E-03	    9.980000E+02	    0.000000E+00	    0.000000E+00	    0.000000E+00	    0.000000E+00	
   -1.258243E-02	   -6.217892E-05	    0.000000E+00	    1.000000E+00	    1.000000E-03	    1.000000E-03	    9.980000E+02	    0.000000E+00	    0.000000E+00	    0.000000E+00	    0.000000E+00	
   -1.257826E-02	   -1.101420E-04	    7.419698E-03	    1.000000E+00	    1.060075E-03	    1.000000E-03	    9.980000E+02	    4.004993E-04	    1.377743E-03	    3.433184E+03	    1.209711E+05	
   -1.255647E-02	   -3.329475E-04	    3.807446E-02	    1.000000E+00	    1.034114E-03	    1.000000E-03	    9.980000E+02	    2.274280E-04	    1.089254E-03	    4.779865E+03	    2.674230E+05	
   -1.248177E-02	   -9.073999E-04	    1.194930E-01	    1.000000E+00	    1.506836E-03	    1.000000E-03	    9.980000E+02	    3.378909E-03	    5.712796E-03	    1.687341E+03	    2.141809E+05	
   -1.223303E-02	   -2.125262E-03	    2.376623E-01	    1.000000E+00	    3.162229E-03	    1.000000E-03	    9.980000E+02	    1.441486E-02	    1.274080E-02	    8.820978E+02	    8.052440E+04	
   -1.152384E-02	   -4.155998E-03	    3.579991E-01	    1.000000E+00	    5.687525E-03	    1.000000E-03	    9.980000E+02	    3.125017E-02	    1.653449E-02	    5.280427E+02	    2.749503E+04	
   -9.997890E-03	   -6.706248E-03	    4.654373E-01	    1.000000E+00	    8.503769E-03	    1.000000E-03	    9.980000E+02	    5.002513E-02	    1.746785E-02	    3.484832E+02	    1.117685E+04	
   -7.651633E-03	   -9.037973E-03	    5.464563E-01	    1.000000E+00	    1.067692E-02	    1.000000E-03	    9.980000E+02	    6.451283E-02	    1.673416E-02	    2.588740E+02	    5.837314E+03	
   -5.005352E-03	   -1.058582E-02	    5.952748E-01	    1.000000E+00	    1.178241E-02	    1.000000E-03	    9.980000E+02	    7.188271E-02	    1.565672E-02	    2.173737E+02	    3.950891E+03	
   -2.632912E-03	   -1.134265E-02	    6.178683E-01	    1.000000E+00	    1.221311E-02	    1.000000E-03	    9.980000E+02	    7.475405E-02	    1.499648E-02	    2.002097E+02	    3.268687E+03	
   -7.843204E-04	   -1.159580E-02	    6.250081E-01	    1.000000E+00	    1.233833E-02	    1.000000E-03	    9.980000E+02	    7.558884E-02	    1.475957E-02	    1.948707E+02	    3.064766E+03	
    7.843204E-04	   -1.159580E-02	    6.250084E-01	    1.000000E+00	    1.233833E-02	    1.000000E-03	    9.980000E+02	    7.558885E-02	    1.475958E-02	    1.948708E+02	    3.064772E+03	
    2.632912E-03	   -1.134265E-02	    6.178693E-01	    1.000000E+00	    1.221311E-02	    1.000000E-03	    9.980000E+02	    7.475406E-02	    1.499651E-02	    2.002101E+02	    3.268707E+03	
    5.005352E-03	   -1.058582E-02	    5.952767E-01	    1.000000E+00	    1.178241E-02	    1.000000E-03	    9.980000E+02	    7.188273E-02	    1.565679E-02	    2.173745E+02	    3.950936E+03	
    7.651633E-03	   -9.037973E-03	    5.464594E-01	    1.000000E+00	    1.067693E-02	    1.000000E-03	    9.980000E+02	    6.451284E-02	    1.673427E-02	    2.588756E+02	    5.837421E+03	
    9.997890E-03	   -6.706248E-03	    4.654417E-01	    1.000000E+00	    8.503759E-03	    1.000000E-03	    9.980000E+02	    5.002506E-02	    1.746801E-02	    3.484868E+02	    1.117717E+04	
    1.152384E-02	   -4.155998E-03	    3.580049E-01	    1.000000E+00	    5.687487E-03	    1.000000E-03	    9.980000E+02	    3.124991E-02	    1.653465E-02	    5.280521E+02	    2.749639E+04	
    1.223303E-02	   -2.125262E-03	    2.376694E-01	    1.000000E+00	    3.162150E-03	    1.000000E-03	    9.980000E+02	    1.441433E-02	    1.274070E-02	    8.821236E+02	    8.053206E+04	
    1.248177E-02	   -9.073999E-04	    1.194997E-01	    1.000000E+00	    1.506729E-03	    1.000000E-03	    9.980000E+02	    3.378192E-03	    5.711777E-03	    1.687398E+03	    2.142224E+05	
    1.255647E-02	   -3.329475E-04	    3.808588E-02	    1.000000E+00	    1.034090E-03	    1.000000E-03	    9.980000E+02	    2.272645E-04	    1.088570E-03	    4.780303E+03	    2.675804E+05	
    1.257826E-02	   -1.101420E-04	    7.449277E-03	    1.000000E+00	    1.060226E-03	    1.000000E-03	    9.980000E+02	    4.015076E-04	    1.384689E-03	    3.441827E+03	    1.217794E+05	
    1.258243E-02	   -6.217892E-05	    0.000000E+00	    1.000000E+00	    1.000000E-03	    1.000000E-03	    9.980000E+02	    0.000000E+00	    0.000000E+00	    0.000000E+00	    0.000000E+00	
   -1.259009E-02	   -6.235818E-05	    0.000000E+00	    1.000000E+00	    1.000000E-03	    1.000000E-03	    9.980000E+02	    0.000000E+00	    0.000000E+00	    0.000000E+00	    0.000000E+00	
   -1.259183E-02	   -1.105114E-04	    3.255509E-03	    1.000000E+00	    1.058192E-03	    1.000000E-03	    9.980000E+02	    3.879490E-04	    1.290570E-03	    3.319995E+03	    1.057420E+05	
   -1.259750E-02	   -3.347948E-04	    1.648856E-02	    1.000000E+00	    1.012243E-03	    1.000000E-03	    9.980000E+02	    8.162286E-05	    8.646477E-04	    1.057202E+04	    2.908928E+05	
   -1.259357E-02	   -9.176083E-04	    5.708796E-02	    1.000000E+00	    1.098555E-03	    1.000000E-03	    9.980000E+02	    6.570343E-04	    2.537005E-03	    3.853575E+03	    3.835803E+05	
   -1.249278E-02	   -2.175323E-03	    1.401588E-01	    1.000000E+00	    1.645364E-03	    1.000000E-03	    9.980000E+02	    4.302428E-03	    7.983911E-03	    1.851964E+03	    2.649586E+05	
   -1.201225E-02	   -4.341989E-03	    2.451933E-01	    1.000000E+00	    3.024312E-03	    1.000000E-03	    9.980000E+02	    1.349541E-02	    1.500554E-02	    1.109676E+03	    1.292244E+05	
   -1.069991E-02	   -7.193455E-03	    3.489112E-01	    1.000000E+00	    4.985834E-03	    1.000000E-03	    9.980000E+02	    2.657222E-02	    1.956644E-02	    7.348767E+02	    6.199385E+04	
   -8.393837E-03	   -9.937186E-03	    4.313622E-01	    1.000000E+00	    6.791721E-03	    1.000000E-03	    9.980000E+02	    3.861148E-02	    2.113552E-02	    5.462947E+02	    3.545298E+04	
   -5.583625E-03	   -1.183564E-02	    4.818010E-01	    1.000000E+00	    7.846629E-03	    1.000000E-03	    9.980000E+02	    4.564419E-02	    2.115625E-02	    4.625767E+02	    2.558028E+04	
   -2.961556E-03	   -1.278745E-02	    5.053352E-01	    1.000000E+00	    8.317745E-03	    1.000000E-03	    9.980000E+02	    4.878497E-02	    2.095694E-02	    4.287187E+02	    2.199393E+04	
   -8.846852E-04	   -1.310937E-02	    5.128206E-01	    1.000000E+00	    8.467119E-03	    1.000000E-03	    9.980000E+02	    4.978079E-02	    2.085665E-02	    4.181318E+02	    2.091816E+04	
    8.846852E-04	   -1.310937E-02	    5.128208E-01	    1.000000E+00	    8.467121E-03	    1.000000E-03	    9.980000E+02	    4.978081E-02	    2.085666E-02	    4.181320E+02	    2.091817E+04	
    2.961556E-03	   -1.278745E-02	    5.053360E-01	    1.000000E+00	    8.317753E-03	    1.000000E-03	    9.980000E+02	    4.878502E-02	    2.095699E-02	    4.287192E+02	    2.199399E+04	
    5.583625E-03	   -1.183564E-02	    4.818024E-01	    1.000000E+00	    7.846643E-03	    1.000000E-03	    9.980000E+02	    4.564429E-02	    2.115636E-02	    4.625780E+02	    2.558042E+04	
    8.393837E-03	   -9.937186E-03	    4.313645E-01	    1.000000E+00	    6.791744E-03	    1.000000E-03	    9.980000E+02	    3.861163E-02	    2.113570E-02	    5.462972E+02	    3.545332E+04	
    1.069991E-02	   -7.193455E-03	    3.489142E-01	    1.000000E+00	    4.985858E-03	    1.000000E-03	    9.980000E+02	    2.657239E-02	    1.956671E-02	    7.348824E+02	    6.199487E+04	
    1.201225E-02	   -4.341989E-03	    2.451969E-01	    1.000000E+00	    3.024327E-03	    1.000000E-03	    9.980000E+02	    1.349551E-02	    1.500584E-02	    1.109690E+03	    1.292283E+05	
    1.249278E-02	   -2.175323E-03	    1.401621E-01	    1.000000E+00	    1.645359E-03	    1.000000E-03	    9.980000E+02	    4.302392E-03	    7.983973E-03	    1.851994E+03	    2.649739E+05	
    1.259357E-02	   -9.176083E-04	    5.709012E-02	    1.000000E+00	    1.098541E-03	    1.000000E-03	    9.980000E+02	    6.569375E-04	    2.536641E-03	    3.853590E+03	    3.836216E+05	
    1.259750E-02	   -3.347948E-04	    1.649336E-02	    1.000000E+00	    1.012241E-03	    1.000000E-03	    9.980000E+02	    8.160842E-05	    8.645466E-04	    1.057265E+04	    2.910608E+05	
    1.259183E-02	   -1.105114E-04	    3.268385E-03	    1.000000E+00	    1.058330E-03	    1.000000E-03	    9.980000E+02	    3.888656E-04	    1.296675E-03	    3.327839E+03	    1.065456E+05	
    1.259009E-02	   -6.235818E-05	    0.000000E+00	    1.000000E+00	    1.000000E-03	    1.000000E-03	    9.980000E+02	    0.000000E+00	    0.000000E+00	    0.000000E+00	    0.000000E+00	
   -1.259427E-02	   -6.205807E-05	    0.000000E+00	    1.000000E+00	    1.000000E-03	    1.000000E-03	    9.980000E+02	    0.000000E+00	    0.000000E+00	    0.000000E+00	    0.000000E+00	
   -1.259924E-02	   -1.100078E-04	    8.469367E-04	    1.000000E+00	    1.003040E-03	    1.000000E-03	    9.980000E+02	    2.026350E-05	    1.260995E-03	    6.210544E+04	    1.081914E+05	
   -1.262000E-02	   -3.336678E-04	    4.261969E-03	    1.000000E+00	    1.009141E-03	    1.000000E-03	    9.980000E+02	    6.093792E-05	    1.239084E-03	    2.029288E+04	    2.996412E+05	
   -1.265542E-02	   -9.173722E-04	    1.532948E-02	    1.000000E+00	    1.035371E-03	    1.000000E-03	    9.980000E+02	    2.358090E-04	    2.452002E-03	    1.037746E+04	    4.873658E+05	
   -1.263921E-02	   -2.189501E-03	    4.377845E-02	    1.000000E+00	    1.107288E-03	    1.000000E-03	    9.980000E+02	    7.152548E-04	    3.951038E-03	    5.512910E+03	    5.745400E+05	
   -1.229661E-02	   -4.421914E-03	    9.816704E-02	    1.000000E+00	    1.252365E-03	    1.000000E-03	    9.980000E+02	    1.682434E-03	    5.337717E-03	    3.166270E+03	    5.270054E+05	
   -1.112618E-02	   -7.441557E-03	    1.731196E-01	    1.000000E+00	    1.456836E-03	    1.000000E-03	    9.980000E+02	    3.045571E-03	    6.141723E-03	    2.012575E+03	    4.591965E+05	
   -8.862904E-03	   -1.043853E-02	    2.438000E-01	    1.000000E+00	    1.653028E-03	    1.000000E-03	    9.980000E+02	    4.353519E-03	    6.342605E-03	    1.453978E+03	    4.066280E+05	
   -5.959272E-03	   -1.256694E-02	    2.898820E-01	    1.000000E+00	    1.802414E-03	    1.000000E-03	    9.980000E+02	    5.349430E-03	    6.581103E-03	    1.227783E+03	    3.737981E+05	
   -3.177993E-03	   -1.365141E-02	    3.120088E-01	    1.000000E+00	    1.879946E-03	    1.000000E-03	    9.980000E+02	    5.866306E-03	    6.693238E-03	    1.138681E+03	    3.582649E+05	
   -9.510899E-04	   -1.402088E-02	    3.191780E-01	    1.000000E+00	    1.906009E-03	    1.000000E-03	    9.980000E+02	    6.040061E-03	    6.721931E-03	    1.110666E+03	    3.528051E+05	
    9.510899E-04	   -1.402088E-02	    3.191782E-01	    1.000000E+00	    1.906010E-03	    1.000000E-03	    9.980000E+02	    6.040063E-03	    6.721936E-03	    1.110666E+03	    3.528054E+05	
    3.177993E-03	   -1.365141E-02	    3.120093E-01	    1.000000E+00	    1.879947E-03	    1.000000E-03	    9.980000E+02	    5.866313E-03	    6.693255E-03	    1.138683E+03	    3.582661E+05	
    5.959272E-03	   -1.256694E-02	    2.898830E-01	    1.000000E+00	    1.802416E-03	    1.000000E-03	    9.980000E+02	    5.349443E-03	    6.581136E-03	    1.227786E+03	    3.738005E+05	
    8.862904E-03	   -1.043853E-02	    2.438016E-01	    1.000000E+00	    1.653030E-03	    1.000000E-03	    9.980000E+02	    4.353536E-03	    6.342652E-03	    1.453983E+03	    4.066327E+05	
    1.112618E-02	   -7.441557E-03	    1.731214E-01	    1.000000E+00	    1.456838E-03	    1.000000E-03	    9.980000E+02	    3.045589E-03	    6.141796E-03	    2.012587E+03	    4.592052E+05	
    1.229661E-02	   -4.421914E-03	    9.816862E-02	    1.000000E+00	    1.252367E-03	    1.000000E-03	    9.980000E+02	    1.682449E-03	    5.337809E-03	    3.166297E+03	    5.270214E+05	
    1.263921E-02	   -2.189501E-03	    4.377942E-02	    1.000000E+00	    1.107289E-03	    1.000000E-03	    9.980000E+02	    7.152599E-04	    3.951093E-03	    5.512949E+03	    5.745663E+05	
    1.265542E-02	   -9.173722E-04	    1.532999E-02	    1.000000E+00	    1.035371E-03	    1.000000E-03	    9.980000E+02	    2.358060E-04	    2.451939E-03	    1.037732E+04	    4.874013E+05	
    1.262000E-02	   -3.336678E-04	    4.263201E-03	    1.000000E+00	    1.009141E-03	    1.000000E-03	    9.980000E+02	    6.094196E-05	    1.239248E-03	    2.029423E+04	    2.998147E+05	
    1.259924E-02	   -1.100078E-04	    8.503005E-04	    1.000000E+00	    1.003046E-03	    1.000000E-03	    9.980000E+02	    2.030975E-05	    1.266759E-03	    6.224720E+04	    1.090475E+05	
    1.259427E-02	   -6.205807E-05	    0.000000E+00	    1.000000E+00	    1.000000E-03	    1.000000E-03	    9.980000E+02	    0.000000E+00	    0.000000E+00	    0.000000E+00	    0.000000E+00	
   -1.259570E-02	   -6.189077E-05	    0.000000E+00	    1.000000E+00	    1.000000E-03	    1.000000E-03	    9.980000E+02	    0.000000E+00	    0.000000E+00	    0.000000E+00	    0.000000E+00	
   -1.260177E-02	   -1.097208E-04	    0.000000E+00	    1.000000E+00	    1.000000E-03	    1.000000E-03	    9.980000E+02	    0.000000E+00	    0.000000E+00	    0.000000E+00	    0.000000E+00	
   -1.262769E-02	   -3.329334E-04	    0.000000E+00	    1.000000E+00	    1.000000E-03	    1.000000E-03	    9.980000E+02	    0.000000E+00	    0.000000E+00	    0.000000E+00	    0.000000E+00	
   -1.267664E-02	   -9.163296E-04	    0.000000E+00	    1.000000E+00	    1.000000E-03	    1.000000E-03	    9.980000E+02	    0.000000E+00	    0.000000E+00	    0.000000E+00	    0.000000E+00	
   -1.268992E-02	   -2.192111E-03	    0.000000E+00	    1.000000E+00	    1.000000E-03	    1.000000E-03	    9.980000E+02	    0.000000E+00	    0.000000E+00	    0.000000E+00	    0.000000E+00	
   -1.239665E-02	   -4.445367E-03	    0.000000E+00	    1.000000E+00	    1.000000E-03	    1.000000E-03	    9.980000E+02	    0.000000E+00	    0.000000E+00	    0.000000E+00	    0.000000E+00	
   -1.127936E-02	   -7.522819E-03	    0.000000E+00	    1.000000E+00	    1.000000E-03	    1.000000E-03	    9.980000E+02	    0.000000E+00	    0.000000E+00	    0.000000E+00	    0.000000E+00	
   -9.035020E-03	   -1.061136E-02	    0.000000E+00	    1.000000E+00	    1.000000E-03	    1.000000E-03	    9.980000E+02	    0.000000E+00	    0.000000E+00	    0.000000E+00	    0.000000E+00	
   -6.099151E-03	   -1.282579E-02	    0.000000E+00	    1.000000E+00	    1.000000E-03	    1.000000E-03	    9.980000E+02	    0.000000E+00	    0.000000E+00	    0.000000E+00	    0.000000E+00	
   -3.259190E-03	   -1.396088E-02	    0.000000E+00	    1.000000E+00	    1.000000E-03	    1.000000E-03	    9.980000E+02	    0.000000E+00	    0.000000E+00	    0.000000E+00	    0.000000E+00	
   -9.760649E-04	   -1.434864E-02	    0.000000E+00	    1.000000E+00	    1.000000E-03	    1.000000E-03	    9.980000E+02	    0.000000E+00	    0.000000E+00	    0.000000E+00	    0.000000E+00	
    9.760649E-04	   -1.434864E-02	    0.000000E+00	    1.000000E+00	    1.000000E-03	    1.000000E-03	    9.980000E+02	    0.000000E+00	    0.000000E+00	    0.000000E+00	    0.000000E+00	
    3.259190E-03	   -1.396088E-02	    0.000000E+00	    1.000000E+00	    1.000000E-03	    1.000000E-03	    9.980000E+02	    0.000000E+00	    0.000000E+00	    0.000000E+00	    0.000000E+00	
    6.099151E-03	   -1.282579E-02	    0.000000E+00	    1.000000E+00	    1.000000E-03	    1.000000E-03	    9.980000E+02	    0.000000E+00	    0.000000E+00	    0.000000E+00	    0.000000E+00	
    9.035020E-03	   -1.061136E-02	    0.000000E+00	    1.000000E+00	    1.000000E-03	    1.000000E-03	    9.980000E+02	    0.000000E+00	    0.000000E+00	    0.000000E+00	    0.000000E+00	
    1.127936E-02	   -7.522819E-03	    0.000000E+00	    1.000000E+00	    1.000000E-03	    1.000000E-03	    9.980000E+02	    0.000000E+00	    0.000000E+00	    0.000000E+00	    0.000000E+00	
    1.239665E-02	   -4.445367E-03	    0.000000E+00	    1.000000E+00	    1.000000E-03	    1.000000E-03	    9.980000E+02	    0.000000E+00	    0.000000E+00	    0.000000E+00	    0.000000E+00	
    1.268992E-02	   -2.192111E-03	    0.000000E+00	    1.000000E+00	    1.000000E-03	    1.000000E-03	    9.980000E+02	    0.000000E+00	    0.000000E+00	    0.000000E+00	    0.000000E+00	
    1.267664E-02	   -9.163296E-04	    0.000000E+00	    1.000000E+00	    1.000000E-03	    1.000000E-03	    9.980000E+02	    0.000000E+00	    0.000000E+00	    0.000000E+00	    0.000000E+00	
    1.262769E-02	   -3.329334E-04	    0.000000E+00	    1.000000E+00	    1.000000E-03	    1.000000E-03	    9.980000E+02	    0.000000E+00	    0.000000E+00	    0.000000E+00	    0.000000E+00	
    1.260177E-02	   -1.097208E-04	    0.000000E+00	    1.000000E+00	    1.000000E-03	    1.000000E-03	    9.980000E+02	    0.000000E+00	    0.000000E+00	    0.000000E+00	    0.000000E+00	
    1.259570E-02	   -6.189077E-05	    0.000000E+00	    1.000000E+00	    1.000000E-03	    1.000000E-03	    9.980000E+02	    0.000000E+00	    0.000000E+00	    0.000000E+00	    0.000000E+00	
